t,x_actual,y_actual,x_deseada,y_deseada,Ref_Izq,Ref_Der,Vel_Lineal,Vel_Angular,error_x,error_y
0.05,0.3,0.0,0.0249760000000037,0.0249760000000037,2.8885642950003696,2.1389484050003755,-2.9984635599999745,0.9576214666668086,-0.27502399999999627,0.0249760000000037
0.1,0.3,0.0,0.03322600000000283,0.0249760000000037,0.3481546368750515,0.3096507631250461,-0.15401549500002182,0.12529626666668525,-0.2667739999999972,0.0249760000000037
0.15000000000000002,0.3,0.0,0.041476000000002025,0.0249760000000037,0.34723490062505125,0.3116631993750463,-0.14228680500001983,0.12550440000001858,-0.258523999999998,0.0249760000000037
0.2,0.29959103166803447,0.014474287425070884,0.049726000000001366,0.0249760000000037,-1.0558738799020173,-1.0888488725411378,-0.13189997055648187,-0.40851861951298196,-0.2498650316680331,0.010501712574932816
0.25,0.28923839534609547,0.07801587865932916,0.0579760000000009,0.0249760000000037,-6.0,-6.0,-0.18501609745311512,-2.301797410698709,-0.23126239534609455,-0.053039878659325454
0.3,0.2986298591648522,-0.018276459985339052,0.06622600000000071,0.0249760000000037,6.0,6.0,-0.2610548342886622,3.3799074544093357,-0.23240385916485146,0.04325245998534275
0.35,0.2505099029173215,-0.16381561915142645,0.07447600000000087,0.0249760000000037,6.0,6.0,-0.5639793791497811,5.694903817363512,-0.17603390291732063,0.18879161915143014
0.39999999999999997,0.2992332616115275,0.018893388247560587,0.08272600000000141,0.0249760000000037,-6.0,-6.0,-0.6826431549184646,-5.926023825484534,-0.21650726161152611,0.006082611752443113
0.44999999999999996,-0.17629044492326845,0.2434909543940771,0.09097600000000222,0.0249760000000037,-6.0,-6.0,-5.242524072358614,-9.600041602571554,0.2672664449232707,-0.21851495439407342
0.49999999999999994,-0.17799553437414933,-0.2439226249065222,0.09922600000000315,0.0249760000000037,-6.0,-6.0,-4.683429816597348,-8.422250849338196,0.2772215343741525,0.2688986249065259
0.5499999999999999,0.23170402934217485,0.18537612128440714,0.10747600000000404,0.0249760000000037,-6.0,-6.0,-5.978155069388716,-3.5424872406849484,-0.12422802934217081,-0.16040012128440345
0.6,-0.2426000682072765,0.18174590879747726,0.11572600000000471,0.0249760000000037,-6.0,-6.0,-4.513525677890801,-10.643504202624106,0.3583260682072812,-0.15676990879747357
0.65,0.0021437648126156348,-0.30011758565773305,0.12397600000000508,0.0249760000000037,-6.0,-6.0,-5.349587700649088,-6.347704760116868,0.12183223518738945,0.32509358565773677
0.7000000000000001,0.17776694226428327,0.2376764812149216,0.13222600000000498,0.0249760000000037,-6.0,-6.0,-5.477632963880266,-7.4111806689822926,-0.045540942264278295,-0.2127004812149179
0.7500000000000001,0.07274501056010126,0.28961755249901033,0.1404760000000045,0.0249760000000037,-6.0,-6.0,-0.5143311910689891,-5.2989424823328495,0.06773098943990323,-0.2646415524990066
0.8000000000000002,-0.06445115017041454,0.2957470985512186,0.1487260000000038,0.0249760000000037,-6.0,-6.0,-0.821141503072919,-6.053790017182094,0.21317715017041833,-0.2707710985512149
0.8500000000000002,0.16399527408485362,-0.24362118566542473,0.1569760000000031,0.0249760000000037,6.0,6.0,-5.915596579068215,5.579592181435317,-0.0070192740848505075,0.26859718566542845
0.9000000000000002,-0.259160467197296,0.1689441866624121,0.16522600000000254,0.0249760000000037,6.0,5.769438456397049,-6.666874747270496,2.5153515427831854,0.42438646719729856,-0.1439681866624084
0.9500000000000003,-0.259160467197296,0.1689441866624121,0.17347600000000232,0.0249760000000037,-2.687826089630388,-2.904186472750192,-0.8654415324792174,-1.0651452499772533,0.4326364671972983,-0.1439681866624084
1.0000000000000002,0.18927469809646233,-0.2160467136751908,0.18172600000000255,0.0249760000000037,-1.6303948077325838,-3.1242099285696723,-5.975260483348354,-0.9056389973909059,-0.007548698096459777,0.24102271367519448
1.0500000000000003,-0.3047222024876759,-0.07024159872285911,0.18997600000000317,0.0249760000000037,6.0,6.0,-5.411906664264267,9.200071330248182,0.49469820248767904,0.09521759872286281
1.1000000000000003,-0.024393426855661548,-0.295383945752145,0.19822600000000404,0.0249760000000037,-6.0,-6.0,-2.6523615933274525,-7.716844662717655,0.22261942685566558,0.3203599457521487
1.1500000000000004,-0.1934867340341955,0.24965960979239418,0.206476000000005,0.0249760000000037,6.0,6.0,-6.1726584946658285,4.5358394776669915,0.39996273403420046,-0.2246836097923905
1.2000000000000004,-0.3067848912853311,0.08704565753591303,0.21472600000000588,0.0249760000000037,-6.0,-6.0,-1.6881906171999674,-6.827783814418306,0.521510891285337,-0.06206965753590933
1.2500000000000004,0.03988613632541524,-0.28524886486394113,0.22297600000000656,0.0249760000000037,-6.0,-6.0,-4.678388899110121,-6.913843100573119,0.18308986367459132,0.31022486486394485
1.3000000000000005,-0.18688062019677887,-0.23886374258570747,0.23122600000000684,0.0249760000000037,6.0,6.0,-1.712547495152285,8.807966909920887,0.4181066201967857,0.2638397425857112
1.3500000000000005,-0.2866181904193581,0.14397213089504957,0.23947600000000677,0.0249760000000037,6.0,6.0,-3.620813145206938,8.883806709758813,0.5260941904193649,-0.11899613089504586
1.4000000000000006,-0.28922375430975966,0.1430717680401143,0.24772600000000639,0.0249760000000037,-2.739122303736708,-3.0016709958085395,-1.0501947682873247,-1.0934844380086186,0.5369497543097661,-0.11809576804011059
1.4500000000000006,-0.28922375430975966,0.1430717680401143,0.2559760000000058,0.0249760000000037,-2.6195067870628965,-2.880312949538078,-1.0432246499007252,-1.0475847117335189,0.5451997543097655,-0.11809576804011059
1.5000000000000007,-0.28922375430975966,0.1430717680401143,0.264226000000005,0.0249760000000037,-2.668593759172106,-2.932521244316071,-1.0557099405758605,-1.0668790482834623,0.5534497543097647,-0.11809576804011059
1.5500000000000007,-0.04013383376000315,0.3140800458139864,0.27247600000000416,0.0249760000000037,6.0,6.0,-2.03386394726239,6.296598327248424,0.3126098337600073,-0.2891040458139827
1.6000000000000008,-0.004020507135568556,-0.28897592682751877,0.28072600000000325,0.0249760000000037,6.0,5.002975404290152,-6.475824544501756,2.2142679894677606,0.2847465071355718,0.3139519268275225
1.6500000000000008,-0.01529098939560439,-0.29107150956772837,0.2889760000000024,0.0249760000000037,6.0,6.0,-0.48685572591708937,2.7847179068471726,0.3042669893956068,0.3160475095677321
1.7000000000000008,0.28151096112511836,-0.013377576494002084,0.29722600000000166,0.0249760000000037,-6.0,-6.0,-2.4867671397778053,-9.664708816393908,0.01571503887488329,0.03835357649400578
1.7500000000000009,-0.3090288219774054,-0.06347348698237179,0.30547600000000114,0.0249760000000037,6.0,6.0,-7.039725503002455,3.509890833069069,0.6145048219774065,0.0884494869823755
1.800000000000001,0.04254294672499573,-0.2880399693337322,0.31372600000000084,0.0249760000000037,-6.0,-6.0,-3.2251367836470073,-7.513013291627607,0.27118305327500514,0.31301596933373593
1.850000000000001,0.2725266311003878,-0.07251729140845829,0.3219760000000009,0.0249760000000037,-6.0,-6.0,-1.3653325332825081,-8.17419125068566,0.0494493688996131,0.097493291408462
1.900000000000001,-0.16267119460967525,0.27069156453983567,0.33022600000000135,0.0249760000000037,-6.0,-6.0,-5.909615469486175,-9.541842657318803,0.4928971946096766,-0.24571556453983198
1.950000000000001,0.05078637844376152,0.30028585776620836,0.3384760000000021,0.0249760000000037,6.0,6.0,-1.0216300322049037,4.115877323617251,0.28768962155624056,-0.27530985776620465
2.000000000000001,-0.06905894829822251,-0.2844080212250096,0.3467260000000031,0.0249760000000037,6.0,6.0,-6.564123351254247,3.5352299948176,0.4157849482982256,0.3093840212250133
2.0500000000000007,0.011165147524403573,-0.28532645725211914,0.354976000000004,0.0249760000000037,0.3562987569481022,0.23721201559340774,-0.4763469654187779,0.11304967096028762,0.34381085247560045,0.31030245725212285
2.1000000000000005,-0.0453393492270289,0.311337606457359,0.36322600000000477,0.0249760000000037,-6.0,-6.0,-6.488177154372272,-3.131841137204875,0.4085653492270337,-0.28636160645735526
2.1500000000000004,-0.20901771395707966,0.24719622492426216,0.37147600000000525,0.0249760000000037,-6.0,-6.0,-1.4887640348862805,-7.882399448396765,0.5804937139570849,-0.22222022492425847
2.2,-0.21496779706747257,0.242495472284786,0.3797260000000052,0.0249760000000037,-6.0,-6.0,-0.9992550841683283,-2.5254277145134654,0.5946937970674778,-0.2175194722847823
2.25,0.2774685871797563,0.0027572025085245387,0.3879760000000048,0.0249760000000037,6.0,6.0,-4.566901555637812,7.594187218319729,0.11050741282024851,0.02221879749147916
2.3,-0.29294047665957684,-0.1194700149487118,0.3962260000000041,0.0249760000000037,6.0,6.0,-6.896773238000167,6.378720748098959,0.6891664766595809,0.1444460149487155
2.3499999999999996,-0.19224645668617366,0.2701621728879194,0.40447600000000333,0.0249760000000037,6.0,6.0,-3.652575567440139,7.351029007770257,0.596722456686177,-0.2451861728879157
2.3999999999999995,-0.07309160240732192,-0.2781280013357515,0.41272600000000265,0.0249760000000037,-6.0,-6.0,-5.838044369087158,-3.684591833454372,0.4858176024073246,0.3031040013357552
2.4499999999999993,0.21030352508472167,0.2023764636770038,0.42097600000000224,0.0249760000000037,-6.0,-6.0,-4.905021455457436,-8.611116699790372,0.21067247491528057,-0.1774004636770001
2.499999999999999,-0.07723683959290499,0.3069123769914453,0.4292260000000023,0.0249760000000037,-6.0,-6.0,-2.170227707756907,-11.904688209745377,0.5064628395929073,-0.2819363769914416
2.549999999999999,-0.07723683959290499,0.3069123769914453,0.43747600000000275,0.0249760000000037,-6.0,-6.0,-0.6115647976002263,-3.1796036684393374,0.5147128395929077,-0.2819363769914416
2.5999999999999988,-0.07723683959290499,0.3069123769914453,0.4457260000000035,0.0249760000000037,-6.0,-6.0,-0.6148020332422479,-3.2239790082095214,0.5229628395929085,-0.2819363769914416
2.6499999999999986,-0.07723683959290499,0.3069123769914453,0.45397600000000443,0.0249760000000037,-6.0,-6.0,-0.6180431047790262,-3.2684218984987647,0.5312128395929094,-0.2819363769914416
2.6999999999999984,-0.07723683959290499,0.3069123769914453,0.4622260000000053,0.0249760000000037,-6.0,-6.0,-0.6212880122105607,-3.312932339307057,0.5394628395929103,-0.2819363769914416
2.7499999999999982,-0.0980248726522143,0.2928423450920766,0.47047600000000606,0.0249760000000037,-6.0,-6.0,-0.623036849324282,-4.069740524276664,0.5685008726522204,-0.26786634509207286
2.799999999999998,-0.1113583585833122,-0.27784012881163395,0.4787260000000064,0.0249760000000037,-5.30244848930501,-6.0,-6.256506680381145,-2.3179092664200582,0.5900843585833186,0.30281612881163766
2.849999999999998,-0.3124116735954367,0.0660719126587628,0.4869760000000064,0.0249760000000037,6.0,6.0,-4.10300541227883,9.232517487990144,0.799387673595443,-0.0410959126587591
2.8999999999999977,-0.1343846973767141,0.29130440333458646,0.4952260000000061,0.0249760000000037,6.0,6.0,-2.2457622850857737,5.061049931977209,0.6296106973767202,-0.26632840333458274
2.9499999999999975,-0.3127149861005146,0.08138135802252507,0.5034760000000055,0.0249760000000037,-6.0,-6.0,-2.771774244628007,-8.972271148039171,0.8161909861005201,-0.05640535802252136
2.9999999999999973,-0.11778231301053327,0.29971555032840347,0.5117260000000048,0.0249760000000037,6.0,6.0,-2.2274554324961042,5.059359111776962,0.6295083130105381,-0.27473955032839975
3.049999999999997,0.13061062474604956,0.27598413961400414,0.5199760000000039,0.0249760000000037,6.0,6.0,-0.9333346672508188,4.3825985121872915,0.3893653752539543,-0.2510081396140004
3.099999999999997,-0.13033403108029737,0.29646209862408845,0.528226000000003,0.0249760000000037,-6.0,-6.0,-1.9989693244452706,-11.323525369708562,0.6585600310803004,-0.27148609862408474
3.149999999999997,-0.06747408842762187,-0.27746244611315846,0.5364760000000021,0.0249760000000037,-2.6660073633833323,-4.216580420327816,-6.202292227777932,-1.3109691016592662,0.6039500884276239,0.3024384461131622
3.1999999999999966,-0.23463727749051694,-0.19117340321344162,0.5447260000000013,0.0249760000000037,6.0,6.0,-1.8544196064226846,8.636981089590481,0.7793632774905181,0.2161494032134453
3.2499999999999964,0.13024620933448366,0.28129407505426696,0.5529760000000006,0.0249760000000037,-1.4406168968118465,-2.886757560407684,-5.78456265438335,-0.8242618013751486,0.4227297906655169,-0.25631807505426324
3.2999999999999963,0.12240167813318874,0.28654405387697957,0.5612260000000002,0.0249760000000037,-6.0,-6.0,0.10372409318988984,-3.7554221540463804,0.4388243218668115,-0.26156805387697585
3.349999999999996,0.24031725184610983,0.16926998748627378,0.5694760000000001,0.0249760000000037,6.0,6.0,0.12804403490075605,3.389360574665056,0.32915874815389023,-0.1442939874862701
3.399999999999996,-0.2602223235727566,-0.15729522317881126,0.5777260000000004,0.0249760000000037,6.0,6.0,-7.3624504691583414,3.942849739039442,0.837948323572757,0.18227122317881495
3.4499999999999957,-0.32193524139038593,0.03966767603212051,0.585976000000001,0.0249760000000037,6.0,6.0,-2.3646720854204397,6.341958524815462,0.9079112413903869,-0.014691676032116806
3.4999999999999956,0.1759124755538391,-0.1946110543522464,0.5942260000000019,0.0249760000000037,-6.0,-6.0,-4.674885566236553,-4.229715767483889,0.4183135244461628,0.2195870543522501
3.5499999999999954,-0.10304022600095072,-0.2546600642513374,0.6024760000000028,0.0249760000000037,6.0,6.0,-2.0854389589556788,12.455869102837434,0.7055162260009535,0.27963606425134113
3.599999999999995,0.249465606504486,0.15950159707950695,0.6107260000000037,0.0249760000000037,-6.0,-6.0,-4.244739400025147,-9.446973939705845,0.36126039349551764,-0.13452559707950326
3.649999999999995,0.00020030597499438516,0.33297168940763255,0.6189760000000042,0.0249760000000037,-6.0,-6.0,-1.9064098532144407,-12.972532033388518,0.6187756940250098,-0.30799568940762884
3.699999999999995,0.14022002155684662,0.2858263973513873,0.6272260000000043,0.0249760000000037,2.9888454619161218,2.9558395381136977,-0.13202369520969606,1.1323209523866322,0.4870059784431576,-0.2608503973513836
3.7499999999999947,0.024791012782703695,-0.26195599937620934,0.635476000000004,0.0249760000000037,6.0,6.0,-5.4463690779565646,10.989414362223366,0.6106849872173004,0.28693199937621305
3.7999999999999945,0.27019832457802273,-0.02988719719167883,0.6437260000000034,0.0249760000000037,-6.0,-6.0,-1.0673642016169143,-8.4232072898058,0.3735276754219806,0.05486319719168253
3.8499999999999943,-0.2766632060905935,0.19633080714698722,0.6519760000000027,0.0249760000000037,-6.0,-6.0,-7.413256291148341,-5.7342506364307955,0.9286392060905961,-0.17135480714698353
3.899999999999994,-0.1537219019999241,0.3061045126411,0.660226000000002,0.0249760000000037,3.5255999946638217,3.1481840857153256,-1.5096636357939839,1.2711969676912662,0.8139479019999261,-0.2811285126410963
3.949999999999994,0.24971454405224136,-0.08710889151388926,0.6684760000000015,0.0249760000000037,6.0,6.0,-4.496465668206328,8.209277621455293,0.41876145594776015,0.11208489151389296
3.999999999999994,-0.2190022058102344,-0.19106050315974527,0.6767260000000014,0.0249760000000037,6.0,6.0,-5.164714300542614,13.140383256935682,0.8957282058102358,0.21603650315974895
4.049999999999994,-0.027593858493717666,0.33824615004618974,0.6849760000000018,0.0249760000000037,5.844389883704827,4.403657550789583,-5.762929331660977,1.9520090351417925,0.7125698584937195,-0.313270150046186
4.099999999999993,-0.027739431788010898,0.33877158629061027,0.6932260000000025,0.0249760000000037,-6.0,-6.0,-0.4988266823298279,-4.67973336380159,0.7209654317880133,-0.31379558629060655
4.149999999999993,-0.008247746047488447,-0.2584559295583578,0.7014760000000033,0.0249760000000037,6.0,6.0,-6.31313262809079,5.192166344424699,0.7097237460474918,0.2834319295583615
4.199999999999993,-0.19290932108353898,0.29022300397614215,0.7097260000000043,0.0249760000000037,4.016702040833865,2.301882047747339,-6.859279972346101,1.2035398263964197,0.9026353210835433,-0.26524700397613843
4.249999999999993,-0.1922171171617384,-0.2077185978370439,0.717976000000005,0.0249760000000037,-6.0,-6.0,-5.364857723355813,-5.167509304749793,0.9101931171617434,0.2326945978370476
4.299999999999993,0.24938705984943865,0.16113170254537496,0.7262260000000055,0.0249760000000037,-6.0,-6.0,-4.628951262227951,-7.537508242002813,0.4768389401505668,-0.13615570254537127
4.3499999999999925,-0.12154801426056996,0.3291396457281261,0.7344760000000056,0.0249760000000037,-6.0,-6.0,-3.7105663213042397,-14.61810664469996,0.8560240142605755,-0.3041636457281224
4.399999999999992,0.051993982264513766,-0.24432413404881664,0.7427260000000053,0.0249760000000037,6.0,6.0,-6.007816790402842,4.263146424058923,0.6907320177354915,0.26930013404882036
4.449999999999992,-0.19815578764150146,0.2935122844691555,0.7509760000000049,0.0249760000000037,-1.212774896201069,-3.009376997737086,-7.186408406144067,-0.8042194083691724,0.9491317876415063,-0.2685362844691518
4.499999999999992,0.24374803778056547,0.17235785661635908,0.7592260000000041,0.0249760000000037,6.0,6.0,-2.587055280640057,7.594361037729905,0.5154779622194385,-0.1473818566163554
4.549999999999992,0.26388102777819494,0.11460192124183347,0.7674760000000032,0.0249760000000037,1.7749875935220019,2.0182399067806496,0.9730092530345902,0.7225195238671717,0.5035949722218083,-0.08962592124182976
4.599999999999992,0.27197780293001766,0.03795807480800434,0.7757260000000022,0.0249760000000037,6.0,6.0,1.0004645455144916,2.5449021898724644,0.5037481970699846,-0.012982074808000638
4.6499999999999915,0.045226954182902665,0.33555049203598997,0.7839760000000013,0.0249760000000037,-6.0,-6.0,-2.4449379960675928,-14.824696877966762,0.7387490458170987,-0.31057449203598625
4.699999999999991,-0.3136233050503537,0.13454638713007,0.7922260000000005,0.0249760000000037,-6.0,-6.0,-4.785663048155357,-11.443336566199136,1.1058493050503542,-0.1095703871300663
4.749999999999991,-0.28151396288415936,0.20245457663955443,0.8004759999999999,0.0249760000000037,-0.33357981513198814,-0.8106128582580974,-1.9081321725044371,-0.21794146159811154,1.0819899628841592,-0.17747857663955074
4.799999999999991,0.18509445916101464,-0.16988683013123096,0.8087259999999994,0.0249760000000037,4.437930974540381,3.1323086949951455,-5.222489118180943,1.4419504132448622,0.6236315408389848,0.19486283013123465
4.849999999999991,-0.03946353508224975,-0.25643477217410254,0.8169759999999993,0.0249760000000037,6.0,6.0,-1.4418556096881263,12.7599464802852,0.856439535082249,0.28141077217410626
4.899999999999991,-0.03946353508224975,-0.25643477217410254,0.8252259999999993,0.0249760000000037,6.0,6.0,-0.48379947091669706,5.451260913572624,0.8646895350822491,0.28141077217410626
4.94999999999999,-0.03946353508224975,-0.25643477217410254,0.833476,0.0249760000000037,6.0,6.0,-0.4851160330913236,5.4996434195209085,0.8729395350822498,0.28141077217410626
4.99999999999999,-0.32747554834124026,0.04573259946165125,0.8417260000000008,0.0249760000000037,6.0,6.0,-5.006219857493755,10.14535365362825,1.169201548341241,-0.02075659946164755
5.04999999999999,0.011415912130488523,-0.25234341960019846,0.8499760000000017,0.0249760000000037,-6.0,-6.0,-3.5914675138690497,-4.3678081089953436,0.8385600878695132,0.2773194196002022
5.09999999999999,0.22511441291660528,0.20651915952691088,0.8582260000000026,0.0249760000000037,-6.0,-6.0,-3.3383600063588292,-12.121902162272958,0.6331115870833973,-0.1815431595269072
5.14999999999999,-0.28340037674434876,0.19813341453700092,0.8664760000000032,0.0249760000000037,-6.0,-6.0,-6.24174160291387,-11.83726997037607,1.149876376744352,-0.17315741453699723
5.1999999999999895,-0.2930575515823222,0.17499987056755884,0.8747260000000036,0.0249760000000037,-6.0,-6.0,-1.986666829308965,-3.3032762079260944,1.1677835515823258,-0.15002387056755515
5.249999999999989,0.2382041372919833,0.18399643668250049,0.8829760000000033,0.0249760000000037,6.0,6.0,-3.6661170242627645,5.216928605927506,0.64477186270802,-0.1590204366824968
5.299999999999989,-0.1984774841639098,-0.20062644995056012,0.8912260000000027,0.0249760000000037,6.0,6.0,-7.031461841759855,9.821137620624826,1.0897034841639126,0.2256024499505638
5.349999999999989,-0.19929892620449757,-0.19956765150500175,0.899476000000002,0.0249760000000037,6.0,6.0,-1.4039763995580095,5.025907857637347,1.0987749262044997,0.22454365150500544
5.399999999999989,-0.19929892620449757,-0.19956765150500175,0.9077260000000013,0.0249760000000037,6.0,6.0,-1.4170934363361907,5.024239995260768,1.1070249262044989,0.22454365150500544
5.449999999999989,-0.18199336969455512,0.3368471733843268,0.9159760000000007,0.0249760000000037,6.0,6.0,-6.043496605248119,3.373298559196735,1.0979693696945558,-0.3118711733843231
5.4999999999999885,0.21928531071575372,-0.08110007681846933,0.9242260000000004,0.0249760000000037,6.0,6.0,-4.3596793574562565,8.404948804351076,0.7049406892842467,0.10607607681847303
5.549999999999988,-0.33785871179153804,0.0871266678819384,0.9324760000000006,0.0249760000000037,6.0,6.0,-7.992328692769241,3.619701751555342,1.2703347117915387,-0.0621506678819347
5.599999999999988,0.18372755329237125,0.2613258495790035,0.9407260000000013,0.0249760000000037,6.0,6.0,-4.138026970759778,3.185395244297595,0.7569984467076301,-0.23634984957899982
5.649999999999988,-0.127604763593671,-0.23199712998221295,0.9489760000000022,0.0249760000000037,6.0,6.0,-6.668476408183221,10.53189614802035,1.076580763593673,0.25697312998221666
5.699999999999988,-0.27057227065529565,0.225010579924319,0.957226000000003,0.0249760000000037,6.0,6.0,-5.835671448773554,5.956196526996315,1.2277982706552986,-0.2000345799243153
5.749999999999988,0.2226714874104037,0.2153553096248776,0.9654760000000039,0.0249760000000037,6.0,6.0,-2.9351504014662617,5.883538383753438,0.7428045125896001,-0.1903793096248739
5.799999999999987,0.07983853554042557,-0.23768776888295676,0.9737260000000044,0.0249760000000037,6.0,6.0,-3.5420313629915574,15.52183038796982,0.8938874644595789,0.26266376888296045
5.849999999999987,-0.2773083360210696,-0.11316019088245283,0.9819760000000047,0.0249760000000037,6.0,6.0,-4.4496316672472815,13.202396497095739,1.2592843360210744,0.13813619088245652
5.899999999999987,-0.020747216861948307,0.3427667158815916,0.9902260000000045,0.0249760000000037,6.0,5.166921927750822,-5.041043304062169,2.2084008917175595,1.0109732168619527,-0.31779071588158786
5.949999999999987,0.23576051379494684,0.2011859445015857,0.998476000000004,0.0249760000000037,6.0,6.0,-0.25421924302361554,5.019225322424633,0.7627154862050571,-0.176209944501582
5.999999999999987,0.2026951645864847,0.2447843132987101,1.0067260000000033,0.0249760000000037,-6.0,-6.0,0.91570569401913,-6.283716901025339,0.8040308354135186,-0.2198083132987064
6.0499999999999865,0.1614297232485977,-0.19655698258769055,1.0149760000000025,0.0249760000000037,6.0,6.0,-2.5058749721457048,15.128997417580637,0.8535462767514048,0.22153298258769424
6.099999999999986,0.24449908092471612,-0.09946581434389208,1.0232260000000015,0.0249760000000037,-3.116237344661597,-2.8568261073113463,1.0376449494010027,-1.1377263718043702,0.7787269190752855,0.12444181434389578
6.149999999999986,0.2660122530376956,-0.046243159518647374,1.0314760000000007,0.0249760000000037,-0.29361534364816677,0.06075843002415218,1.417495094689276,-0.04435369783314564,0.7654637469623051,0.07121915951865107
6.199999999999986,0.2571054942496292,0.15580814585049113,1.0397259999999997,0.0249760000000037,-6.0,-6.0,0.7192637752779999,-8.98156710874226,0.7826205057503706,-0.13083214585048744
6.249999999999986,0.27075376359255243,0.11558640179129567,1.0479759999999991,0.0249760000000037,-1.0756461928062209,-0.7083363380281609,1.4692394191122402,-0.33980619634940606,0.7772222364074467,-0.09061040179129197
6.299999999999986,0.240036539488063,-0.1065338567645525,1.0562259999999986,0.0249760000000037,6.0,6.0,0.49613113415034493,10.210795553022988,0.8161894605119355,0.1315098567645562
6.349999999999985,0.14729297234086397,-0.2058693346162667,1.0644759999999982,0.0249760000000037,6.0,6.0,0.4228144053451343,10.021782091729781,0.9171830276591342,0.23084533461627038
6.399999999999985,0.272201575019385,0.10311108113886278,1.0727259999999983,0.0249760000000037,-6.0,-6.0,-0.2744409553328864,-10.750224735666908,0.8005244249806133,-0.07813508113885907
6.449999999999985,-0.28327913804835275,0.19253313798982308,1.0809759999999986,0.0249760000000037,-6.0,-6.0,-7.537936558994797,-10.00889362695238,1.3642551380483514,-0.1675571379898194
6.499999999999985,-0.28327913804835275,0.19253313798982308,1.0892259999999994,0.0249760000000037,-6.0,-6.0,-2.2903734594543,-3.3903224773526914,1.3725051380483522,-0.1675571379898194
6.549999999999985,-0.28327913804835275,0.19253313798982308,1.0974760000000003,0.0249760000000037,-6.0,-6.0,-2.304303581022748,-3.4154040250556936,1.3807551380483531,-0.1675571379898194
6.5999999999999845,0.12859482650657753,0.29940691674322095,1.1057260000000013,0.0249760000000037,6.0,6.0,-2.4203303852958604,3.7423136090316125,0.9771311734934238,-0.27443091674321723
6.649999999999984,0.21717161698948378,0.2151094850199995,1.113976000000002,0.0249760000000037,-0.7538878549750839,-0.49078311295711996,1.052418968071856,-0.23708018436803885,0.8968043830105183,-0.1901334850199958
6.699999999999984,0.11166466326135613,-0.22263550391282058,1.1222260000000024,0.0249760000000037,6.0,6.0,-2.7626645613946565,16.303987196083217,1.0105613367386463,0.24761150391282427
6.749999999999984,0.26861879874453404,0.014196163237796659,1.1304760000000025,0.0249760000000037,-6.0,-6.0,0.3875085060486896,-7.785275250219932,0.8618572012554684,0.010779836762207042
6.799999999999984,0.04675210766268474,0.33191618936226136,1.138726000000002,0.0249760000000037,-6.0,-6.0,-2.4224676920428823,-16.989670500467437,1.0919738923373172,-0.30694018936225764
6.849999999999984,0.19372968680089964,0.2423054510387281,1.1469760000000013,0.0249760000000037,1.1550443457495265,1.3250818657931829,0.6801500801746259,0.4724049926748018,0.9532463131991017,-0.21732945103872442
6.8999999999999835,-0.2901131089232291,-0.10512447012497976,1.1552260000000005,0.0249760000000037,5.22165841601565,3.147422001521322,-8.296945657977314,1.594110555721328,1.4453391089232297,0.13010047012498346
6.949999999999983,-0.25652993535693597,-0.15393733638290036,1.163476,0.0249760000000037,6.0,6.0,-2.193350534870753,3.024210970822698,1.4200059353569359,0.17891333638290405
6.999999999999983,0.14110421665060252,-0.20447117370984533,1.1717259999999996,0.0249760000000037,-6.0,-6.0,-1.8125695234520771,-3.796726318523718,1.0306217833493971,0.22944717370984902
7.049999999999983,-0.31150500850234036,0.14408066339521897,1.1799759999999995,0.0249760000000037,6.0,6.0,-8.046667169869412,3.3311680692252446,1.4914810085023398,-0.11910466339521526
7.099999999999983,-0.1474400927829986,0.31771338271811955,1.188226,0.0249760000000037,1.2314927769379498,0.6474910998872558,-2.3360067082027753,0.3579016908238487,1.3356660927829986,-0.29273738271811584
7.149999999999983,-0.06594638580699336,0.34030989803940975,1.1964760000000008,0.0249760000000037,-6.0,-6.0,-0.908024904246346,-4.8112551418888945,1.262422385806994,-0.31533389803940604
7.199999999999982,-0.2526076576000404,0.24024096985428847,1.2047260000000017,0.0249760000000037,-6.0,-6.0,-2.9714853025982735,-11.60292146992871,1.4573336576000422,-0.21526496985428478
7.249999999999982,-0.1552764995801698,-0.22932842524888009,1.2129760000000025,0.0249760000000037,-5.7749190650311615,-6.0,-5.249101085781513,-2.449926362191943,1.3682524995801724,0.2543044252488838
7.299999999999982,0.04440739165490856,0.3322177748241646,1.2212260000000033,0.0249760000000037,-6.0,-6.0,-5.8321812730918445,-5.880703020414905,1.1768186083450947,-0.3072417748241609
7.349999999999982,-0.3315990326241828,-0.019877719315635152,1.2294760000000036,0.0249760000000037,-6.0,-6.0,-7.170117972302582,-7.283191263147332,1.5610750326241862,0.04485371931563885
7.399999999999982,0.1820453843221939,-0.16069760994766216,1.2377260000000034,0.0249760000000037,-6.0,-6.0,-3.399800710145445,-2.669009893468946,1.0556806156778096,0.18567360994766585
7.4499999999999815,0.09469494706890584,-0.22664075657893556,1.245976000000003,0.0249760000000037,6.0,6.0,0.5136374252709127,10.722385122866484,1.1512810529310973,0.2516167565789393
7.499999999999981,-0.2080250215678297,0.29112650915984795,1.2542260000000025,0.0249760000000037,-6.0,-6.0,-7.8006829711436705,-5.813042278454784,1.4622510215678322,-0.26615050915984423
7.549999999999981,-0.24757930738805514,0.26104264538512395,1.2624760000000017,0.0249760000000037,-6.0,-6.0,-2.180739314684934,-7.622365145482704,1.510055307388057,-0.23606664538512026
7.599999999999981,0.2161975683292551,0.18835365715736252,1.270726000000001,0.0249760000000037,6.0,6.0,-1.9855886250995356,5.582635349811616,1.0545284316707457,-0.16337765715735883
7.649999999999981,-0.007113847989911576,-0.25840757814974064,1.2789760000000001,0.0249760000000037,6.0,6.0,-4.279857017448527,17.41227096851547,1.2860898479899117,0.28338357814974435
7.699999999999981,-0.1743161657384832,0.30864312896465157,1.287225999999999,0.0249760000000037,-6.0,-6.0,-7.40787474705849,-4.15151340551306,1.4615421657384822,-0.28366712896464785
7.7499999999999805,-0.044282753970575975,-0.261485852645007,1.2954759999999983,0.0249760000000037,6.0,6.0,-6.134677214826889,3.807095060476444,1.3397587539705742,0.28646185264501073
7.79999999999998,0.26442771289232236,0.04999949752913049,1.3037259999999977,0.0249760000000037,-6.0,-6.0,-1.1479014153369513,-10.392915444940101,1.0392982871076755,-0.025023497529126793
7.84999999999998,0.09525856229837701,0.30735589453712725,1.3119759999999974,0.0249760000000037,-6.0,-6.0,-0.9559258526496991,-16.470228369604644,1.2167174377016203,-0.28237989453712353
7.89999999999998,0.22304037804284166,0.18995545957468316,1.3202259999999975,0.0249760000000037,2.773132899166737,3.0804833965782157,1.2294019896459154,1.1149745325228482,1.0971856219571559,-0.16497945957467947
7.94999999999998,0.023307463031115472,-0.2571701789715667,1.3284759999999978,0.0249760000000037,6.0,6.0,-3.9212961262670984,17.800244554699354,1.3051685369688824,0.2821461789715704
7.99999999999998,0.0903712099843724,-0.23560757456570192,1.3367259999999983,0.0249760000000037,6.0,6.0,0.5700332196784549,5.454669642188944,1.246354790015626,0.26058357456570563
8.04999999999998,-0.06739905905794688,0.3348401064443283,1.3449759999999993,0.0249760000000037,-6.0,-6.0,-6.620820306149609,-11.65828426824025,1.4123750590579462,-0.3098641064443246
8.09999999999998,-0.07202759508767967,-0.26091687586457407,1.3532260000000003,0.0249760000000037,6.0,6.0,-6.696456368320694,5.947352560101894,1.42525359508768,0.2858928758645778
8.14999999999998,0.017349847697443205,-0.2612611251354515,1.361476000000001,0.0249760000000037,6.0,6.0,-0.17739722355936272,5.6756612046298045,1.3441261523025578,0.28623712513545524
8.199999999999982,0.1465651796988191,-0.2112280559065447,1.3697260000000018,0.0249760000000037,6.0,6.0,0.7447717923162361,2.66872130766181,1.2231608203011826,0.2362040559065484
8.249999999999982,0.18265744692710734,0.25296893594480946,1.377976000000002,0.0249760000000037,-6.0,-6.0,-2.2655387939667104,-16.23185386852269,1.1953185530728947,-0.22799293594480577
8.299999999999983,0.1584686059892488,-0.20793636244270014,1.386226000000002,0.0249760000000037,6.0,6.0,-2.464011575401867,16.775754324195088,1.2277573940107531,0.23291236244270383
8.349999999999984,0.23787158737372396,-0.12233417176799408,1.3944760000000014,0.0249760000000037,1.8303139799443546,2.231905895462852,1.6063676620739904,0.77375616674423,1.1566044126262773,0.14731017176799777
8.399999999999984,0.24705460214510655,-0.11013135294484266,1.4027260000000008,0.0249760000000037,6.0,6.0,1.8851402373400927,3.7438299484504616,1.1556713978548943,0.13510735294484635
8.449999999999985,0.07080657286657671,0.3224907420845334,1.4109760000000002,0.0249760000000037,-6.0,-6.0,-3.3489916969263676,-18.374283790202917,1.3401694271334235,-0.29751474208452966
8.499999999999986,-0.3087150023916159,0.08943226472414958,1.4192259999999999,0.0249760000000037,-6.0,-6.0,-6.427429273277722,-11.491194837137224,1.7279410023916157,-0.06445626472414588
8.549999999999986,-0.3047068881175098,-0.03959337082926205,1.427476,0.0249760000000037,-4.46197069024416,-5.303472159035202,-3.3660058751641695,-1.860084352243688,1.7321828881175096,0.06456937082926575
8.599999999999987,0.02506480092607993,0.3323405933805931,1.4357260000000005,0.0249760000000037,1.0367589873885676,-0.022154324282835258,-4.235653246685612,0.19325803106775855,1.4106611990739206,-0.30736459338058936
8.649999999999988,-0.2758380885008679,-0.12176450660774044,1.4439760000000013,0.0249760000000037,-6.0,-6.0,-7.734453980723577,-2.777299816483249,1.7198140885008693,0.14674050660774413
8.699999999999989,-0.3133010688162665,0.10185945879993731,1.4522260000000022,0.0249760000000037,6.0,6.0,-4.034693220818156,5.002079311421175,1.7655270688162688,-0.07688345879993361
8.74999999999999,-0.21376362756995368,0.26663092027833635,1.4604760000000034,0.0249760000000037,-2.542413960348783,-3.265648111697512,-2.8929366053949157,-1.1062975375326276,1.6742396275699571,-0.24165492027833266
8.79999999999999,0.05368522163603261,0.32499118205690536,1.4687260000000042,0.0249760000000037,-2.506719731818603,-2.75720308739027,-1.0019334222866705,-1.0026519655635948,1.4150407783639716,-0.30001518205690164
8.84999999999999,0.05583775926895129,0.3241343748354233,1.4769760000000047,0.0249760000000037,-6.0,-6.0,0.2927611033862951,-9.064243471268693,1.4211382407310533,-0.29915837483541957
8.899999999999991,0.21000475347599334,-0.14891535426476332,1.485226000000005,0.0249760000000037,6.0,6.0,-2.3011445736245775,15.062670077506636,1.2752212465240116,0.173891354264767
8.949999999999992,-0.2804025955873697,-0.1260145887604009,1.493476000000005,0.0249760000000037,6.0,6.0,-6.867385708832849,14.688454890383378,1.7738785955873746,0.15099058876040458
8.999999999999993,0.1027339526212003,-0.23468092458208245,1.5017260000000046,0.0249760000000037,-3.1495102820267196,-3.6025904193437475,-1.8123205492681125,-1.2861144193086604,1.3989920473788042,0.25965692458208617
9.049999999999994,-0.15783907165596536,0.3047231891184846,1.509976000000004,0.0249760000000037,-6.0,-6.0,-7.7444976030299495,-8.539236695146418,1.6678150716559694,-0.2797471891184809
9.099999999999994,-0.3213795119085575,-0.006304008151306273,1.5182260000000032,0.0249760000000037,-6.0,-6.0,-5.3894142929081195,-8.072170673475386,1.8396055119085606,0.031280008151309976
9.149999999999995,0.2766254845232967,0.03230902281615207,1.5264760000000024,0.0249760000000037,-3.439435125755025,-4.312206930424416,-3.491087218677564,-1.476503248796084,1.2498505154767057,-0.007333022816148369
9.199999999999996,-0.2575120738977479,-0.15798230976068933,1.5347260000000016,0.0249760000000037,6.0,6.0,-7.997170945132866,13.106243528105047,1.7922380738977495,0.18295830976069302
9.249999999999996,0.2676243021600114,0.04340294710531982,1.542976000000001,0.0249760000000037,-6.0,-6.0,-2.767111073750088,-6.633006841254106,1.2753516978399897,-0.01842694710531612
9.299999999999997,-0.3240054852831345,0.10797575304994567,1.5512260000000004,0.0249760000000037,-6.0,-6.0,-9.268988768935772,-4.886397154811804,1.8752314852831349,-0.08299975304994196
9.349999999999998,-0.017624104102365822,0.3360533277945469,1.5594760000000003,0.0249760000000037,-0.1828061040530376,-0.8728501461840539,-2.760176168524065,-0.20107738099754122,1.5771001041023662,-0.31107732779454317
9.399999999999999,0.1733848128760657,-0.18225817593545027,1.5677260000000002,0.0249760000000037,6.0,6.0,-3.440568386267115,14.480901284678605,1.3943411871239344,0.20723417593545396
9.45,-0.0010509758460279794,-0.2617644695033808,1.5759760000000005,0.0249760000000037,6.0,6.0,-0.7106572646315997,16.148968662478104,1.5770269758460285,0.2867404695033845
9.5,0.2655106498700597,-0.002070298005155076,1.5842260000000012,0.0249760000000037,-6.0,-6.0,0.2794367717341415,-8.50942265153076,1.3187153501299416,0.027046298005158776
9.55,-0.16561739190413177,0.30458898020409303,1.5924760000000022,0.0249760000000037,-6.0,-6.0,-6.522612964299828,-17.41565748022523,1.758093391904134,-0.2796129802040893
9.600000000000001,-0.3096127082770811,0.14829307356026825,1.6007260000000034,0.0249760000000037,-6.0,-6.0,-4.082904840236096,-10.389451427264992,1.9103387082770844,-0.12331707356026454
9.650000000000002,0.23293186074732147,-0.10642335514411613,1.6089760000000044,0.0249760000000037,6.0,6.0,-3.6843426671686346,3.7189641386441297,1.376044139252683,0.13139935514411982
9.700000000000003,-0.3240698911955864,-0.03204067471000769,1.6172260000000052,0.0249760000000037,6.0,6.0,-8.74206150856756,9.129347803686475,1.9412958911955915,0.057016674710011386
9.750000000000004,-0.3260714992603655,-0.02361902386085439,1.6254760000000055,0.0249760000000037,6.0,6.0,-3.52890787962699,2.485634499616283,1.951547499260371,0.048595023860858094
9.800000000000004,0.21274569742938493,-0.13664452181514108,1.6337260000000053,0.024976000000003697,-3.012444618550178,-3.7384008256022114,-2.903824828208134,-1.2858753226956932,1.4209803025706205,0.16162052181514477
9.850000000000005,0.14313735750616552,0.2799073455919444,1.641976000000005,0.024976000000003697,-6.0,-6.0,-1.584900281024823,-18.654573720213957,1.4988386424938396,-0.2549313455919407
9.900000000000006,0.10889989170344286,0.30124856456778915,1.6502260000000044,0.024976000000003693,-6.0,-6.0,1.0018357620425933,-10.781474347161454,1.5413261082965615,-0.27627256456778543
9.950000000000006,0.160134697160955,-0.19287421550411332,1.6584760000000038,0.024976000000003693,6.0,6.0,-2.4722622861917323,17.422557742495417,1.4983413028390489,0.217850215504117
10.000000000000007,0.15277667977653805,0.2713607564441789,1.6667260000000035,0.024976000000003697,-6.0,-6.0,-2.0298330342267876,-18.336967333722807,1.5139493202234655,-0.2463847564441752
10.050000000000008,0.15277667977653805,0.2713607564441789,1.6749760000000034,0.0249760000000037,-6.0,-6.0,1.5559663693863852,-8.510116568731274,1.5221993202234654,-0.2463847564441752
10.100000000000009,0.15214527361801844,0.27157692222371593,1.6832260000000039,0.024976000000003707,-6.0,-6.0,1.5682216916059082,-8.577610217542762,1.5310807263819854,-0.24660092222371222
10.15000000000001,-0.14478170490914224,0.3166944447222212,1.6914760000000046,0.024976000000003714,-6.0,-6.0,-3.182929027021598,-18.804312255968927,1.8362577049091469,-0.2917184447222175
10.20000000000001,-0.2492301484930027,-0.1722601460513468,1.6997260000000056,0.02497600000000372,-3.1099644173374,-4.847067824698201,-6.948413629443207,-1.515625188959162,1.9489561484930082,0.1972361460513505
10.25000000000001,0.22344785394212038,0.1916233933695854,1.7079760000000066,0.02497600000000372,-6.0,-6.0,-3.5605966981850066,-8.029001532924408,1.4845281460578863,-0.16664739336958168
10.300000000000011,-0.3265430906023379,0.09934103150315486,1.7162260000000076,0.024976000000003717,-6.0,-6.0,-8.89457587141554,-9.078944980460722,2.0427690906023455,-0.07436503150315114
10.350000000000012,0.2317187806990055,-0.1000117370736703,1.7244760000000083,0.0249760000000037,6.0,5.85715173123122,-3.335749480820212,2.3901411109842843,1.4927572193010028,0.124987737073674
10.400000000000013,0.02444036891562714,0.33181045121951214,1.7327260000000089,0.024976000000003676,-6.0,-6.0,-3.6342730361680755,-20.646159360755263,1.7082856310843817,-0.3068344512195085
10.450000000000014,-0.03514893505900694,0.33839417340532396,1.7409760000000087,0.024976000000003648,-6.0,-6.0,-0.5422639101787708,-13.259561393945516,1.7761249350590156,-0.3134181734053203
10.500000000000014,0.24645835281862954,-0.06069979550200418,1.7492260000000086,0.024976000000003627,6.0,6.0,-1.2140214869024906,13.077504929642974,1.5027676471813791,0.08567579550200781
10.550000000000015,-0.2312756635107995,0.2693664614755299,1.757476000000008,0.02497600000000362,-6.0,-6.0,-8.289296237411012,-13.688070919617202,1.9887516635108076,-0.2443904614755263
10.600000000000016,-0.3381630472444139,0.022295873745988362,1.7657260000000072,0.024976000000003638,-6.0,-6.0,-5.101044944218329,-7.131094427010628,2.103889047244421,0.0026801262540152755
10.650000000000016,-0.10931369659872259,0.3347911188101272,1.7739760000000064,0.02497600000000369,-3.081060169481767,-4.031735409141223,-3.8027009586378235,-1.3548182054519982,1.883289696598729,-0.30981511881012347
10.700000000000017,-0.2977260843521459,-0.11171360949052139,1.7822260000000056,0.02497600000000378,-6.0,-6.0,-7.328188430283727,-3.247957428503087,2.0799520843521515,0.13668960949052517
10.750000000000018,0.21558383203457093,-0.10656997700834397,1.7904760000000046,0.024976000000003884,-6.0,-6.0,-1.8104809709070182,-3.0649861771460776,1.5748921679654337,0.13154597700834786
10.800000000000018,-0.31790352636903096,-0.07416903392142228,1.798726000000004,0.024976000000003967,6.0,6.0,-8.382080678554646,13.129272310978712,2.116629526369035,0.09914503392142625
10.85000000000002,-0.3405631571843731,0.0012738154775300686,1.8069760000000035,0.024976000000004,6.0,6.0,-4.0331265218399075,4.640589812290846,2.1475391571843767,0.02370218452247393
10.90000000000002,-0.34455121192069815,0.04117828926981229,1.8152260000000036,0.024976000000003936,5.334207393708685,4.327692329471501,-4.026060256948737,1.840361852034321,2.1597772119207015,-0.016202289269808354
10.95000000000002,0.25385632380678663,0.020988440327558797,1.8234760000000039,0.02497600000000375,-0.3756620920846086,-1.0932983740754738,-2.8705451279634606,-0.2798019935543014,1.5696196761932173,0.003987559672444952
11.000000000000021,-0.33904002583210807,-0.011361385521253778,1.8317260000000049,0.02497600000000342,6.0,6.0,-9.80837123955871,5.7978186200142705,2.170766025832113,0.0363373855212572
11.050000000000022,-0.2626138381492066,-0.15498049302237843,1.839976000000006,0.02497600000000303,6.0,6.0,-3.451656914568146,3.2635145979586277,2.1025898381492127,0.17995649302238145
11.100000000000023,-0.2626323523162608,-0.15494977580391428,1.8482260000000075,0.02497600000000271,6.0,6.0,-3.018135367856944,8.519356902334328,2.110858352316268,0.179925775803917
11.150000000000023,-0.2626323523162608,-0.15494977580391428,1.8564760000000087,0.02497600000000259,6.0,6.0,-3.0312514915154454,8.557994463839945,2.1191083523162693,0.17992577580391686
11.200000000000024,-0.2626323523162608,-0.15494977580391428,1.8647260000000092,0.024976000000002795,6.0,6.0,-3.044302588276241,8.597845222115764,2.12735835231627,0.17992577580391708
11.250000000000025,0.23680248118124309,0.14808417449894767,1.872976000000009,0.024976000000003457,-6.0,-6.0,-2.640431569149549,-8.500791539287661,1.636173518818766,-0.12310817449894422
11.300000000000026,0.21945301757893707,-0.07086246987931756,1.881226000000008,0.024976000000004658,6.0,6.0,2.113536552377779,11.980668987766633,1.661772982421071,0.09583846987932222
11.350000000000026,0.24795718470818337,0.03734599486199611,1.8894760000000064,0.02497600000000611,-6.0,-6.0,3.0561613597314143,-2.955463730835845,1.641518815291823,-0.012369994861989995
11.400000000000027,0.24885690359754375,0.06293322589634869,1.8977260000000047,0.024976000000007333,-3.5573920577870783,-2.7403398624027764,3.2682087815372065,-1.1995679847980676,1.648869096402461,-0.03795722589634135
11.450000000000028,-0.13407527805326708,0.34764011704067355,1.9059760000000034,0.024976000000007846,-6.0,-6.0,-5.354627163872471,-21.562306337309774,2.0400512780532707,-0.3226641170406657
11.500000000000028,0.21161247654441315,-0.08830258299297362,1.9142260000000038,0.024976000000007166,6.0,6.0,-2.2856752558219653,12.979771344060774,1.7026135234555906,0.1132785829929808
11.55000000000003,-0.3480068469439265,0.03266547552558634,1.922476000000006,0.024976000000004817,6.0,6.0,-9.68881924746592,6.808043645399573,2.2704828469439327,-0.0076894755255815204
11.60000000000003,-0.3246652435574761,-0.06082134564430274,1.9307260000000106,0.02497600000000044,5.756899551203522,4.7394863682303425,-4.0696527318927185,1.9993116037016885,2.2553912435574865,0.08579734564430318
11.65000000000003,-0.1764662380349765,0.33104473649703237,1.9389760000000167,0.024975999999995026,-3.238367521989509,-4.500273086276935,-5.047622257149704,-1.4740267825269417,2.1154422380349933,-0.30606873649703736
11.700000000000031,0.03696429978395268,-0.22604455303363769,1.9472260000000223,0.024975999999990357,6.0,6.0,-5.202413413229324,10.848353722804502,1.9102617002160696,0.251020553033628
11.750000000000032,0.10879251888127667,0.31428725950641045,1.9554760000000253,0.024975999999988233,-6.0,-6.0,-3.368741194092867,-18.644620506530575,1.8466834811187487,-0.2893112595064222
11.800000000000033,-0.29264781028911113,0.24315461475977407,1.963726000000024,0.024975999999990447,-6.0,-6.0,-6.353692911034132,-17.570066419939604,2.2563738102891353,-0.21817861475978362
11.850000000000033,-0.2950544342933198,0.24046246378290995,1.9719760000000166,0.024975999999998794,-6.0,-6.0,-3.6282741258122204,-7.630383198384292,2.2670304342933365,-0.21548646378291114
11.900000000000034,0.037702354146031465,0.3478111540645245,1.9802260000000012,0.024976000000014705,-6.0,-6.0,-1.3660500377825588,-3.0063953925727818,1.9425236458539696,-0.3228351540645098
11.950000000000035,-0.34416028884995475,-0.008575258379278992,1.9884759999999813,0.024976000000034863,-6.0,-6.0,-8.793380103104287,-5.335844425234151,2.332636288849936,0.03355125837931386
12.000000000000036,0.2222645499858002,-0.060216916042043246,1.9967259999999631,0.02497600000005264,-2.2396398236070496,-2.7908907143894925,-2.205003563129773,-0.9581962929517223,1.7744614500141629,0.08519291604209589
12.050000000000036,0.2005461397579827,0.2223440477000917,2.0049759999999544,0.024976000000061335,-6.0,-6.0,1.5213043900796193,-15.621223214260104,1.8044298602419717,-0.19736804770003036
12.100000000000037,-0.3286532911431554,-0.05659831465889911,2.013225999999961,0.024976000000054246,6.0,6.0,-10.03852911479069,3.930267478595096,2.3418792911431163,0.08157431465895336
12.150000000000038,0.028103966338167752,0.35126415747077583,2.0214759999999896,0.024976000000024673,-6.0,-6.0,-4.3306510915727605,-5.136667881014809,1.993372033661822,-0.32628815747075113
12.200000000000038,0.22071156679997772,-0.05996836844296164,2.0297260000000468,0.024975999999966927,6.0,6.0,-0.1896431069585541,15.12779434565926,1.809014433200069,0.08494436844292858
12.250000000000039,0.17452595091359346,0.25775772898464144,2.037976000000121,0.024975999999891956,-6.0,-6.0,0.8519713447036094,-17.972283106698427,1.8634500490865273,-0.2327817289847495
12.30000000000004,0.011182030806155402,0.3562252116254333,2.0462260000001877,0.02497599999982436,-6.0,-6.0,-0.255804058174839,-19.25763968332166,2.0350439691940325,-0.33124921162560894
12.35000000000004,-0.11491559791438816,-0.22942575743525184,2.0544760000002222,0.02497599999978915,6.0,6.0,-7.18396259330099,13.514289976295736,2.1693915979146103,0.254401757435041
12.400000000000041,-0.053165760424005386,-0.23555288166340282,2.0627260000002,0.024975999999811323,6.0,6.0,-0.4188769209040614,11.558739593354868,2.1158917604242053,0.26052888166321414
12.450000000000042,0.24239741004877766,0.02916099056847804,2.0709760000000954,0.02497599999991589,-6.0,-6.0,1.0238013448778027,-8.551429397178186,1.8285785899513178,-0.004184990568562152
12.500000000000043,0.24148236478995866,0.031132871136459808,2.0792259999998866,0.024976000000125155,3.08815011669668,4.0037317339159335,3.6623264688770134,1.3508346382119263,1.837743635209928,-0.006156871136334653
12.550000000000043,-0.19478747011115705,0.33493798654746687,2.087475999999609,0.02497600000040362,-6.0,-6.0,-7.139442620563588,-20.35910421826747,2.282263470110766,-0.30996198654706325
12.600000000000044,-0.05258631450283252,0.3694909852978194,2.0957259999993534,0.02497600000066021,-6.0,-6.0,-0.8428139913088616,-9.141875017403493,2.148312314502186,-0.3445149852971592
12.650000000000045,-0.01702172705704571,0.36729527966890285,2.103975999999213,0.024976000000801607,-6.0,-6.0,-0.005321804832579579,-12.651890928424278,2.1209977270562588,-0.3423192796681013
12.700000000000045,-0.3139133086156207,-0.08541592541238707,2.1122259999992807,0.02497600000073449,0.0900778491737022,-2.1292421420440135,-8.877279964870862,-0.3884122462610117,2.4261393086149017,0.11039192541312157
12.750000000000046,-0.3139133086156207,-0.08541592541238707,2.1204759999996505,0.02497600000036554,6.0,6.0,-4.016692994492524,7.480035923244816,2.4343893086152715,0.11039192541275261
12.800000000000047,0.24255145580969145,0.04068878251120844,2.128726000000408,0.024975999999608346,-6.0,-6.0,-1.6622584311516397,-4.854040970830707,1.8861745441907165,-0.015712782511600097
12.850000000000048,0.10563620033802598,-0.18531330377039695,2.136976000001441,0.024975999998575346,6.0,6.0,0.7494919895959553,19.675191498437766,2.031339799663415,0.2102893037689723
12.900000000000048,-0.3517513027931058,0.015899031782639246,2.1452260000024124,0.02497599999760287,6.0,6.0,-8.761470327966986,12.23608634090629,2.496977302795518,0.009076968214963625
12.950000000000049,-0.24907076745897616,-0.1591450347773437,2.153476000002976,0.0249759999970392,6.0,6.0,-3.813584866874023,4.7861668962225785,2.402546767461952,0.1841210347743829
13.00000000000005,0.07121612092370158,0.3445569524893842,2.1617260000027816,0.024975999997232608,-6.0,-6.0,-4.616249377038344,-10.627815228649022,2.09050987907908,-0.3195809524921516
13.05000000000005,0.23895005760303561,0.029717802996800276,2.1699760000014825,0.02497599999853137,6.0,6.0,1.6966254984481457,11.400113130732192,1.9310259423984468,-0.004741802998268905
13.100000000000051,0.12534009394296644,0.3135854863888562,2.178225999998747,0.02497600000126697,-6.0,-6.0,0.5624992137030612,-20.42905747620214,2.052885906055781,-0.2886094863875892
13.150000000000052,-0.2620107620940509,0.29657565141526704,2.186475999994921,0.024976000005094093,-6.0,-6.0,-5.997938382764443,-20.26695301517554,2.448486762088972,-0.27159965141017295
13.200000000000053,-0.27205985643474573,0.2874914182022311,2.1947259999912414,0.024976000008774105,-6.0,-6.0,-3.649951493967732,-10.433844316877474,2.4667858564259872,-0.26251541819345703
13.250000000000053,0.2295094250399694,-0.0069582531370215445,2.2029759999890093,0.02497600001100722,6.0,6.0,-1.8509796111671308,8.503373978843223,1.9734665749490399,0.031934253148028766
13.300000000000054,0.011225273462063916,0.3700895301703241,2.211225999989524,0.024976000010493653,-6.0,-6.0,-2.6890113258071606,-24.37520309259375,2.20000072652746,-0.34511353015983043
13.350000000000055,0.1891405786459237,-0.0914666006158245,2.219475999994085,0.024976000005933623,6.0,6.0,-0.8162070521508029,17.402322141234176,2.0303354213481613,0.11644260062175812
13.400000000000055,0.22796650023244502,0.16793537842700546,2.227726000003954,0.024975999996065312,-6.0,-6.0,2.616612544286456,-12.621245242680418,1.9997594997715087,-0.14295937843094014
13.450000000000056,0.08696659064781528,0.3421675503225884,2.235976000018115,0.02497599998190492,-6.0,-6.0,0.7832780812021997,-20.111730314659898,2.1490094093702994,-0.31719155034068347
13.500000000000057,0.24061417446594052,0.10099051058399332,2.24422600003202,0.024975999967999568,6.0,6.0,2.645152202062593,6.996686371398634,2.0036118255660793,-0.07601451061599375
13.550000000000058,-0.3348322181345356,0.1998789772817849,2.252476000040819,0.024975999959200117,-6.0,-6.0,-10.314016973406632,-10.047262110476646,2.587308218175355,-0.17490297732258478
13.600000000000058,-0.1515474931789458,0.36795412763909624,2.260726000039661,0.024975999960357428,-6.0,-6.0,-2.984275463007054,-6.673830401344308,2.412273493218607,-0.3429781276787388
13.650000000000059,0.015942580155771338,0.372910872489491,2.2689760000236956,0.024975999976322355,-6.0,-6.0,0.10768897320949561,-9.374796978885197,2.2530334198679243,-0.3479348725131687
13.70000000000006,-0.35105236766162673,0.013021758509556364,2.2772259999881492,0.02497600001186815,-6.0,-6.0,-9.253841643859651,-5.094074509326864,2.628278367649776,0.011954241502311787
13.75000000000006,0.17448893675553961,-0.1087684885308023,2.285475999935825,0.0249760000641913,4.026165357811462,3.606837496226907,-1.677311446338221,1.453905305531118,2.1109870631802856,0.1337444885949936
13.800000000000061,-0.3540301561804405,0.024183059033599498,2.293725999883356,0.024976000116659812,6.0,6.0,-9.9011770531891,10.709637254128872,2.6477561560637963,0.000792941083060314
13.850000000000062,-0.32916439041391515,-0.0547529276050793,2.301975999848845,0.024976000151170033,6.0,6.0,-4.673976140355951,4.314844324684952,2.63114039026276,0.07972892775624933
13.900000000000063,0.22902611067983258,-0.0059192204692511685,2.3102259998503962,0.024976000149618312,-6.0,-6.0,-1.2052133439059831,-2.752623095605512,2.0811998891705636,0.03089522061886948
13.950000000000063,-0.3444788177053231,0.16636955926434244,2.3184759999061137,0.024976000093901003,-6.0,-6.0,-10.861026213530366,-5.56140667567482,2.662954817611437,-0.14139355917044144
14.000000000000064,-0.03670329629919752,-0.23472512371797655,2.3267260000339642,0.02497599996605072,6.0,6.0,-4.232671441128207,6.36725364654507,2.3634292963331616,0.25970112368402726
14.050000000000065,-0.352155671725734,0.13770391488588946,2.334976000227033,0.024975999772982423,6.0,6.0,-8.990827242673836,5.857433217575463,2.687131671952767,-0.11272791511290703
14.100000000000065,0.21174440227452698,-0.06050520459840221,2.34322600042474,0.02497599957527685,6.0,6.0,-2.0824173810219535,4.484537539690884,2.131481598150213,0.08548120417367906
14.150000000000066,0.002944718251954491,0.35618791714166637,2.35147600055952,0.02497599944049775,-6.0,-6.0,-3.136715769114798,-25.22702007685614,2.3485312823075652,-0.3312119177011686
14.200000000000067,0.13489082993825427,-0.16616693141223476,2.35972600056381,0.024975999436208877,6.0,6.0,-2.084560342321925,19.869493399269953,2.224835170625556,0.19114293084844364
14.250000000000068,0.10560789197780981,-0.19229166508562168,2.367976000370046,0.024975999629973974,6.0,6.0,2.2245814096998955,14.31616353409532,2.262368108392236,0.21726766471559567
14.300000000000068,0.03552602339311475,-0.22886748393568984,2.3762259999108486,0.02497600008917145,6.0,6.0,1.0615487277065938,17.594358042806043,2.3406999765177336,0.2538434840248613
14.350000000000069,0.1944721449396952,-0.10215420178813886,2.3844759991994606,0.024976000800559225,4.0846151680406795,4.831666934808339,2.9882070670706407,1.6983394481617178,2.1900038542597655,0.1271302025886981
14.40000000000007,-0.22276120610188932,0.3031250766190017,2.392725998455484,0.02497600154453545,-6.0,-6.0,-8.721146221175399,-18.060803491152672,2.6154872045573736,-0.27814907507446623
14.45000000000007,0.23563175571067896,0.014855473724963045,2.40097599793107,0.02497600206894877,6.0,6.0,-0.47120954924577574,9.46970502543923,2.165344242220391,0.010120528343985725
14.500000000000071,-0.21802061029834813,0.2980762659116648,2.4092259978783703,0.02497600212164785,-6.0,-6.0,-7.775014983843947,-21.82316496913686,2.6272466081767183,-0.27310026379001695
14.550000000000072,-0.10905014034124433,0.3372792399863108,2.4174759985495364,0.02497600145048134,-6.0,-6.0,-1.4702218930433992,-12.237046749451597,2.5265261388907807,-0.3123032385358295
14.600000000000072,-0.10029029076271895,0.33689185788459264,2.4257260001965704,0.024975999803447307,-6.0,-6.0,-1.0962597799444553,-15.872344513437932,2.5260162909592894,-0.3119158580811453
14.650000000000073,-0.2555165598277288,0.268913571956087,2.4339760028138904,0.024975997186127676,-6.0,-6.0,-4.121440218964051,-17.85845428926974,2.689492562641619,-0.24393757476995934
14.700000000000074,0.19311097106442585,-0.11703961397818777,2.4422260056098652,0.02497599439015348,6.0,6.0,-2.0623920927519777,11.60198026962912,2.2491150345454396,0.14201560836834126
14.750000000000075,-0.36256422672330396,0.05236805169168227,2.4504760076434535,0.02497599235656636,6.0,6.0,-11.003755806473933,4.776441309657278,2.8130402343667575,-0.027392059335115914
14.800000000000075,-0.36256422672330396,0.05236805169168227,2.458726007973613,0.024975992026407937,-0.14651788026950197,-1.5010406629152242,-5.418091130582889,-0.3138206748923288,2.821290234696917,-0.027392059665274335
14.850000000000076,-0.36256422672330396,0.05236805169168227,2.466976005659302,0.024975994340719843,-0.14859624304317454,-1.5079795386175965,-5.437533182297687,-0.3155382441258611,2.829540232382606,-0.02739205735096243
14.900000000000077,-0.36256422672330396,0.05236805169168227,2.4752259997594996,0.024976000240523055,-0.1506777336718763,-1.5149266874588974,-5.456995815148084,-0.31725798497729024,2.8377902264828037,-0.027392051451159218
14.950000000000077,-0.36256422672330396,0.05236805169168227,2.4834759901448136,0.024976009855209258,-0.15276187796445673,-1.5218816494199827,-5.4764790858221035,-0.318979719501798,2.8460402168681176,-0.027392041836473015
15.000000000000078,-0.24987344399033848,0.2898741143174514,2.49172597965053,0.024976020349492756,-6.0,-6.0,-4.817063973373977,-5.034415879374869,2.7415994236408685,-0.26489809396795866
15.050000000000079,0.10945924503131632,-0.196126117798856,2.4999759717886643,0.02497602821135838,6.0,6.0,-3.539645200417901,13.169344376874212,2.390516726757348,0.22110214601021438
15.10000000000008,0.10945924503131632,-0.196126117798856,2.5082259700712313,0.024976029928790954,6.0,6.0,2.5123290223029353,13.767768577085244,2.398766725039915,0.22110214772764694
15.15000000000008,0.2361780737812022,0.06476875461375435,2.5164759780102464,0.024976021989775308,-6.0,-6.0,3.139149324028465,-9.930851937342247,2.280297904229044,-0.039792732623979046
15.200000000000081,-0.3439233718593687,0.14280838336260449,2.5247259991177247,0.024976000882296262,-6.0,-6.0,-10.977048300152687,-10.082622115105744,2.8686493709770935,-0.11783238248030822
15.250000000000082,0.17580671757029065,-0.14340334502784619,2.5329760343800927,0.02497596561992747,6.0,6.0,-2.2036790172003733,7.340863819256577,2.3571693168098022,0.16837931064777364
15.300000000000082,0.2239025094340898,-0.04912429298658923,2.54122607371945,0.024975926280569147,3.2233349436885987,4.3010306345532925,4.310782763458776,1.4332124910936936,2.3173235642853602,0.07410021926715837
15.350000000000083,0.1972590190067396,-0.11038858283065121,2.5494761040288556,0.024975895971163294,6.0,6.0,3.9856721045360515,10.676180049089387,2.352217085022116,0.13536447880181451
15.400000000000084,-0.25962437488930656,0.2663474026703407,2.5577261122012893,0.024975887798728967,-6.0,-6.0,-9.734413125139858,-16.22827408251127,2.8173504870905957,-0.2413715148716117
15.450000000000085,0.10792543627277493,-0.21133692491819298,2.565976085129733,0.024975914870285245,6.0,6.0,-3.479989814869584,13.161691985961294,2.458050648856958,0.23631283978847822
15.500000000000085,0.007719324329552121,0.3256340030140523,2.574226009707167,0.024975990292851188,-6.0,-6.0,-4.276562672093208,-24.37429691841161,2.566506685377615,-0.30065801272120113
15.550000000000086,0.11626217796744354,0.27507676505678097,2.5824758805930497,0.02497611940696951,-6.0,-6.0,2.3898091909867705,-10.265343286239217,2.4662137026256064,-0.25010064564981144
15.600000000000087,0.16699594595966505,-0.16148128014169838,2.590725733306269,0.02497626669375083,6.0,6.0,0.36610861986984555,21.26575156287614,2.4237297873466037,0.1864575468354492
15.650000000000087,-0.3524303958500976,0.11124978658908002,2.5989756167551206,0.024976383244900528,1.9148159910618099,-0.9082177924680215,-11.292135134119325,0.19173299020834067,2.951406012605218,-0.08627340334417949
15.700000000000088,-0.004028284116767186,0.3317061994479104,2.6072255798556645,0.0249764201443575,-6.0,-6.0,-2.3052066827586017,-7.417555944502927,2.611253863972432,-0.3067297793035529
15.750000000000089,-0.32826053061090177,0.17718290501084452,2.615475671523962,0.024976328476060662,-6.0,-6.0,-7.3513915554899185,-17.651936561225114,2.943736202134864,-0.15220657653478387
15.80000000000009,-0.2571731155514907,0.270113590039873,2.6237259406760747,0.024976059323948908,-6.0,-6.0,-4.200691397408839,-9.659658585086374,2.880899056227565,-0.2451375307159241
15.85000000000009,0.11481461686145036,-0.19955200830593728,2.6319764126622776,0.024975587337745637,6.0,6.0,-3.2114739292391548,13.5951386395416,2.517161795800827,0.2245275956436829
15.900000000000091,-0.1503644575012203,0.3295799068108353,2.640226963428652,0.02497503657137089,-6.0,-6.0,-7.903063913970763,-20.45272749666713,2.7905914209298723,-0.3046048702394644
15.950000000000092,-0.15042074167876063,0.3302776461986577,2.648477410552162,0.024974589447860705,-6.0,-6.0,-2.0835851129123704,-17.17808254057758,2.7988981522309224,-0.305303056750797
16.000000000000092,0.23355766679778553,0.08851118757205331,2.656727571475581,0.0249744285244404,6.0,6.0,1.4569075231396926,7.012721251910439,2.4231699046777955,-0.06353675904761291
16.050000000000093,-0.0661260008431709,-0.254938385038315,2.6649772636416857,0.024974736358335293,6.0,6.0,-3.903602780590289,28.02572892309414,2.7311032644848567,0.2799131213966503
16.100000000000094,0.19938358414453508,-0.09981506308862526,2.6732263044932503,0.024975695506770697,-0.8315622312005432,-0.13520488898413996,2.785429368865613,-0.18414611813041584,2.473842720348715,0.12479075859539596
16.150000000000095,-0.3613755266066515,0.010953071799041786,2.681474581889706,0.0249774181103156,6.0,6.0,-11.337088163058809,8.026921250877594,3.0428501084963573,0.014024346311273816
16.200000000000095,-0.3473365869504322,-0.05233728415023106,2.689722524856269,0.024979475143753052,6.0,6.0,-5.711854230029989,3.919441569748045,3.037059111806701,0.07731675929398411
16.250000000000096,0.014180036439661134,-0.245792889037507,2.697970813331582,0.024981186668441395,6.0,6.0,-1.7721713285473466,7.7501911880719945,2.6837907768919207,0.2707740757059484
16.300000000000097,-0.21324954161653437,-0.2152447462999606,2.706220128628484,0.024981871371540464,6.0,6.0,-4.041263012599654,23.166381446328845,2.9194696702450185,0.24022661767150105
16.350000000000097,-0.3053318191115478,-0.1330655917905364,2.714471152059815,0.02498084794021008,6.0,6.0,-5.164306221108898,15.109334147016614,3.0198029711713628,0.15804643973074647
16.400000000000098,0.14931761068488641,0.2553397427432602,2.722724564938416,0.024977435061610084,-6.0,-6.0,-2.505048267076839,-11.721201205850482,2.5734069542535294,-0.2303623076816501
16.4500000000001,0.1742138123148967,-0.14617114887483795,2.7309808418789583,0.024971158121068527,6.0,6.0,1.29094805564034,21.413901130971027,2.5567670295640617,0.1711423069959065
16.5000000000001,0.17422030220534285,-0.1461841715638051,2.739238515260005,0.024963484740021576,6.0,6.0,3.987792916362905,11.46102294247957,2.565018213054662,0.17114765630382667
16.5500000000001,0.12813009064431963,0.2701704230114935,2.747495053287521,0.024956946712505885,-6.0,-6.0,0.058307299486908104,-24.61602572823541,2.619364962643201,-0.24521347629898763
16.6000000000001,-0.007769610857801257,0.33130399846295255,2.7557479132673692,0.02495408673265681,-6.0,-6.0,0.09977727588478179,-23.388269974650573,2.7635175241251706,-0.30634991173029574
16.6500000000001,-0.1884283421862334,0.3056067165739894,2.7639945525054155,0.024957447494609722,-6.0,-6.0,-3.493448179402819,-22.764650552830236,2.952422894691649,-0.2806492690793797
16.700000000000102,0.171327001721711,0.22789193433505917,2.772232428307525,0.024969571692499984,-6.0,-6.0,1.6180901669548966,-2.619696240440248,2.600905426585814,-0.2029223626425592
16.750000000000103,-0.0322641920373512,-0.2636413346156863,2.7804595921601947,0.024992407839829044,6.0,6.0,-4.6232955648631,27.128336810097288,2.812723784197546,0.2886337424555153
16.800000000000104,0.17525275453464878,-0.14781908330033336,2.788681002899794,0.025020997100229158,6.0,6.0,3.1644025793658224,4.372878614145515,2.613428248365145,0.1728400804005625
16.850000000000104,-0.11423893789152462,-0.2566450555136479,2.796906075717444,0.025045924282578264,6.0,6.0,-3.008899528939952,27.732455682842055,2.911145013608969,0.28169097979622615
16.900000000000105,0.18384656099827903,-0.13440955800396187,2.805144300076847,0.025057699923175084,4.677418371727875,5.316954165979363,2.558143177005951,1.9036900071823308,2.621297739078568,0.15946725792713695
16.950000000000106,-0.1524829318943629,-0.24649084390929576,2.8134051654417034,0.025046834558318326,6.0,6.0,-4.246793795356939,27.9832851912479,2.9658880973360664,0.2715376784676141
17.000000000000107,-0.14527465803265915,0.32712614914356364,2.8216981612757155,0.0250038387243067,-6.0,-6.0,-7.611482844168437,-12.955802127477208,2.9669728193083746,-0.30212231041925697
17.050000000000107,0.08805475716720994,-0.22248404839175964,2.8300311109927603,0.024920889007262095,6.0,6.0,-3.452959800488646,19.10586031331078,2.7419763538255504,0.24740493739902175
17.100000000000108,-0.35949745182592385,0.026963129536782024,2.8383874976435695,0.02481450235645408,6.0,6.0,-10.677114654364237,9.684657305077295,3.1978849494694934,-0.0021486271803279437
17.15000000000011,0.17014509849525017,-0.15455694429970523,2.846732363606405,0.02471963639361976,6.0,6.0,-1.1452068646706521,5.736223250842446,2.676587265111155,0.179276580693325
17.20000000000011,-0.27337868219731104,0.2493505812049213,2.8550302937205965,0.02467170627942893,-6.0,-6.0,-10.65575806597367,-14.554940968211008,3.1284089759179077,-0.22467887492549235
17.25000000000011,0.07053826613935889,0.30835455437233383,2.863245872825475,0.02470612717455137,-6.0,-6.0,0.07176391509466601,-8.310797035178545,2.792707606686116,-0.28364842719778244
17.30000000000011,0.16248073289731346,-0.15682205697773327,2.87134368576037,0.02485831423965687,6.0,6.0,0.2978556095244864,22.53238304595631,2.7088629528630563,0.18168037121739014
17.35000000000011,-0.018535405113588095,-0.25633370153803947,2.8792928501281185,0.025159149871908537,6.0,6.0,-0.2238603298462278,26.00895002649396,2.8978282552417065,0.281492851409948
17.400000000000112,-0.24923313506294276,-0.19554856495694245,2.8871474518622904,0.025554548137736315,6.0,6.0,-5.061461677045098,22.949010073838704,3.1363805869252332,0.22110311309467875
17.450000000000113,0.15778642303972829,0.24215840329749824,2.8950370390148343,0.025914960985191603,-6.0,-6.0,-2.009738262160345,-15.166899208392422,2.737250615975106,-0.21624344231230663
17.500000000000114,0.15778642303972829,0.24215840329749824,2.9030937827647287,0.026108217235296535,-6.0,-6.0,3.9605576757990733,-13.569512996126585,2.7453073597250004,-0.21605018606220172
17.550000000000114,0.15778642303972829,0.24215840329749824,2.9114498542909515,0.026002145709073256,-6.0,-6.0,3.9751495766006313,-13.66328378884898,2.753663431251223,-0.216156257588425
17.600000000000115,0.1266086784987281,-0.1904234292362962,2.9202374247724805,0.025464575227543907,6.0,6.0,0.34414662670600676,25.420370778224296,2.7936287462737526,0.21588800446384013
17.650000000000116,0.12661385312890583,-0.19042467105413355,2.9295767843870633,0.02437521561296148,6.0,6.0,3.5136884979290177,15.478567532029754,2.8029629312581577,0.21479988666709504
17.700000000000117,-0.15790809897339228,-0.24449651137544703,2.9392944905024785,0.022907509497547017,6.0,6.0,-3.6819637363002413,27.958078650539967,3.0972025894758706,0.26740402087299403
17.750000000000117,0.16617107414132765,-0.14992595850502474,2.948911524383564,0.02154047561646269,6.0,6.0,2.4537915005650377,3.4889448828069085,2.7827404502422364,0.17146643412148743
17.800000000000118,0.1661222450831201,-0.14991449766270035,2.9579346164750775,0.02076738352495016,6.0,6.0,4.3400596542289085,12.84017881293984,2.7918123713919574,0.1706818811876505
17.85000000000012,-0.23969847806218142,-0.20418281253780707,2.9658704972217778,0.021081502778251084,6.0,6.0,-6.735293049019678,26.784002370807674,3.2055689752839593,0.22526431531605814
17.90000000000012,-0.03627094994229649,0.3396456450939872,2.9722258970684226,0.022976102931607116,-6.0,-6.0,-5.408607235067406,-15.362289180130391,3.008496847010719,-0.3166695421623801
17.95000000000012,0.23049427530728755,0.0365764211011543,2.976520101130828,0.026931898869202033,6.0,6.0,2.877188425623792,10.599282725989418,2.7460258258235406,-0.009644522231952266
18.00000000000012,-0.3112385959586434,0.22152000801836022,2.978697199023242,0.033004800976787665,-6.0,-6.0,-10.601696314332589,-18.314429962878815,3.289935794981885,-0.18851520704157254
18.05000000000012,-0.36328578880082596,0.11013358366993067,2.9792190781853276,0.04073292181470162,-6.0,-6.0,-6.461837259493836,-9.25429198158344,3.3425048669861535,-0.06940066185522906
18.100000000000122,-0.06818572676715615,-0.25828724397131503,2.9785790081590733,0.049622991840955116,6.0,6.0,-4.362417377927844,10.119116803787998,3.0467647349262292,0.30791023581227017
18.150000000000123,-0.31317588863291257,0.22141426968611852,2.9772702584864685,0.059181741513559344,-6.0,-6.0,-9.865288866760276,-4.710513318304853,3.290446147119381,-0.16223252817255918
18.200000000000124,-0.11643517933521594,0.3387631909875658,2.9757860987095017,0.06891590129052555,-6.0,-6.0,-1.8759889886944703,-12.705064092565785,3.092221278044718,-0.26984728969704025
18.250000000000124,-0.27662816732459206,0.26321699258176945,2.974614786073406,0.07833721392662195,-6.0,-6.0,-4.77398318130378,-20.99350518878075,3.251242953397998,-0.1848797786551475
18.300000000000125,0.21926358994289974,0.06855170645980851,2.9740003066736462,0.08720169332638208,6.0,6.0,0.7795564776033025,7.16031252479728,2.7547367167307466,0.01864998686657357
18.350000000000126,-0.31605492898608784,-0.14342852085552255,2.9738373521754413,0.09561464782458821,6.0,6.0,-10.883317246405415,17.077712035442318,3.289892281161529,0.23904316868011077
18.400000000000126,-0.31610479520909557,-0.1434265960959632,2.9739937514660766,0.10370824853395408,6.0,6.0,-5.3814577469620595,11.62498987892188,3.290098546675172,0.24713484462991728
18.450000000000127,-0.31610479520909557,-0.1434265960959632,2.974337333432838,0.11161466656719342,6.0,6.0,-5.396395076065023,11.629278241951337,3.2904421286419336,0.25504126266315663
18.500000000000128,-0.31610479520909557,-0.1434265960959632,2.9747359269630125,0.11946607303701995,6.0,6.0,-5.411073665430231,11.616421758213619,3.290840722172108,0.26289266913298315
18.55000000000013,-0.31610479520909557,-0.1434265960959632,2.9750581381652337,0.127393861834799,6.0,6.0,-5.425107467587585,11.585175727773773,3.2911629333743293,0.2708204579307622
18.60000000000013,-0.31610479520909557,-0.1434265960959632,2.975231258800489,0.13547074119954353,6.0,6.0,-5.438976751586339,11.548932513622294,3.2913360540095846,0.2788973372955067
18.65000000000013,-0.31610479520909557,-0.1434265960959632,2.9752812473254995,0.14367075267453266,6.0,6.0,-5.452990269755295,11.516301713375336,3.291386042534595,0.28709734877049586
18.70000000000013,-0.31610479520909557,-0.1434265960959632,2.9752435186491315,0.15195848135089982,6.0,6.0,-5.467172775604312,11.487973581776409,3.291348313858227,0.29538507744686304
18.75000000000013,-0.34420902967768513,-0.10137875257006371,2.9751534876802523,0.16029851231977854,6.0,6.0,-6.031747375792497,10.181512434584542,3.3193625173579373,0.2616772648898422
18.800000000000132,-0.34420902967768513,-0.10137875257006371,2.9750465693277284,0.1686554306723022,6.0,6.0,-5.999377081240957,8.476191824239434,3.3192555990054133,0.27003418324236594
18.850000000000133,-0.23309992572251503,-0.2167541703796353,2.9749580718760695,0.17699392812396086,6.0,6.0,-4.338114766603642,11.684363449184469,3.2080579975985843,0.39374809850359616
18.900000000000134,-0.37630082320354225,-0.019958966966820306,2.9749093772609787,0.18529262273905245,6.0,6.0,-7.512424429714397,10.188966127032137,3.351210200464521,0.20525158970587276
18.950000000000134,-0.0854539904660148,0.34237458246772096,2.9748942508768303,0.19355774912320145,-6.0,-6.0,-3.6330461637269784,-10.660757009508474,3.060348241342845,-0.1488168333445195
19.000000000000135,0.21122089534506835,0.09628565236889382,2.9749032042008725,0.20179879579916069,6.0,6.0,3.1865961284093456,7.70847225973465,2.7636823088558042,0.10551314343026687
19.050000000000136,0.09445286620987445,0.283677867368246,2.9749267487103515,0.2100252512896829,-6.0,-6.0,2.7691034101536975,-22.34373242517617,2.880473882500477,-0.0736526160785631
19.100000000000136,-0.00022968218855329292,0.3305977284998338,2.9749553958825143,0.21824660411752098,-6.0,-6.0,1.5428176747648763,-22.682192992681596,2.9751850780710676,-0.11235112438231284
19.150000000000137,-0.3510619299738302,-0.0938101614093835,2.9749796692433983,0.22647233075663736,2.765721413445322,-0.03754312557790618,-11.213058156092913,0.5196530072128411,3.3260415992172283,0.3202824921660209
19.200000000000138,-0.3220154546493838,0.22645671826801106,2.9749933530229113,0.23470864697712485,-6.0,-6.0,-6.732653328540609,-4.961298687218423,3.297008807672295,0.008251928709113787
19.25000000000014,-0.2733342188827834,0.2798308753205578,2.9749978884571835,0.24295411154285262,-6.0,-6.0,-3.9019142038989694,-15.08832619962388,3.2483321073399667,-0.03687676377770516
19.30000000000014,-0.25470111021851016,0.2935807116011756,2.9749958147283597,0.25120618527167565,-6.0,-6.0,-3.3470205340600447,-17.577401302784043,3.22969692494687,-0.04237452632949995
19.35000000000014,-0.05793265433089994,-0.25695574724655496,2.974989671018586,0.25946232898144883,6.0,6.0,-5.979424721631502,16.35506363152891,3.0329223253494857,0.5164180762280037
19.40000000000014,-0.32305955104534845,0.23541393270847868,2.974981996510007,0.26772000349002717,-6.0,-6.0,-10.01621893291066,-8.109268391841645,3.2980415475553553,0.032306070781548485
19.45000000000014,0.07430851882128678,-0.20494301988900157,2.9749753294327648,0.2759766705672686,6.0,6.0,-3.246951393230386,15.670212509083806,2.900666810611478,0.48091969045627014
19.500000000000142,0.13433942262462323,-0.14800099439882042,2.97497145835912,0.28423054164091266,6.0,6.0,3.906095705357983,11.879025185680419,2.840632035734497,0.4322315360397331
19.550000000000143,0.09545587666596529,0.2683275399036677,2.974970077870833,0.29248192212919905,-6.0,-6.0,1.17366032387301,-24.47172390633782,2.8795142012048673,0.024154382225531346
19.600000000000144,-0.2955652116010389,-0.18754409360026292,2.974970519762076,0.30073148023795554,6.0,6.0,-10.98326898695738,14.55880463503759,3.2705357313631147,0.48827557383821846
19.650000000000144,-0.32884702659196074,-0.1537394025422918,2.974972115827021,0.3089798841730099,6.0,6.0,-5.658731904709834,13.479506373934859,3.303819142418982,0.4627192867153017
19.700000000000145,0.06168254671844879,-0.21220464309404402,2.974974197859841,0.3172278021401898,6.0,6.0,-0.22719884641088878,8.83342372436123,2.913291651141392,0.5294324452342338
19.750000000000146,0.17704675648255183,0.15658327966907348,2.974976097684458,0.3254759023155729,-6.0,-6.0,3.1013001881336266,-15.877909048782556,2.797929341201906,0.1688926226464994
19.800000000000146,-0.10962021429619956,0.3410869095076597,2.9749773064477334,0.33372469355229784,-6.0,-6.0,-2.0059007637446893,-30.26727673447305,3.084597520743933,-0.0073622159553618505
19.850000000000147,0.20279595508423492,0.0008702890513390196,2.9749778470051815,0.34197415299485073,6.0,6.0,2.108046663148798,14.945354591255821,2.7721818919209467,0.3411038639435117
19.900000000000148,-0.28408666109169817,-0.19022559573367864,2.974977852997967,0.35022414700206594,6.0,6.0,-9.526722036173947,23.28208783988166,3.259064514089665,0.5404497427357446
19.95000000000015,-0.005087701888567331,-0.24425873293606146,2.974977458067256,0.35847454193277795,6.0,6.0,-0.5677763112873212,12.403361492806047,2.9800651599558234,0.6027332748688394
20.00000000000015,-0.1879425653322616,0.3272045349688652,2.974976795854214,0.3667252041458211,-6.0,-6.0,-7.658462636155427,-20.818988112612278,3.1629193611864754,0.0395206691769559
