t,x_actual,y_actual,x_deseada,y_deseada,Ref_Izq,Ref_Der,Vel_Lineal,Vel_Angular,error_x,error_y
0.05,0.15,0.0,0.0249760000000037,0.0249760000000037,0.6604519270801039,0.6945048145200965,0.13621154975997044,0.2580869984000382,-0.1250239999999963,0.0249760000000037
0.1,0.15,0.0,0.041476000000002025,0.0249760000000037,-0.021802441464992734,0.06552792466499922,0.3493214645199678,0.008328663466667902,-0.10852399999999797,0.0249760000000037
0.15000000000000002,0.15,0.0,0.0579760000000009,0.0249760000000037,-0.02190108063499489,0.06563530543500137,0.35014554427998507,0.008330328533334569,-0.09202399999999909,0.0249760000000037
0.2,0.15,0.0,0.07447600000000089,0.0249760000000037,-0.021999740429998523,0.06574270683000501,0.35096978904001414,0.008331993600001236,-0.0755239999999991,0.0249760000000037
0.25,0.15,0.0,0.09097600000000224,0.0249760000000037,-0.02209842085000149,0.06585012885000797,0.35179419880003787,0.008333658666667902,-0.05902399999999776,0.0249760000000037
0.3,2.3234567224195146e-05,0.0021696867702935742,0.10747600000000404,0.0249760000000037,-0.25819486133019787,-0.11194673869067526,0.5849924905580905,-0.07050316190873775,0.10745276543277985,0.022806313229710128
0.35,-0.006895693711389234,0.045330597241685894,0.12397600000000508,0.0249760000000037,-3.1043559991327756,-3.0207511136912997,0.33441954176590544,-1.1666870691093476,0.13087169371139432,-0.020354597241682194
0.39999999999999997,-0.009701593541888515,0.05346252190759315,0.14047600000000446,0.0249760000000037,-2.550660923360248,-2.4662745487906874,0.33754549827824076,-0.9556067566001782,0.15017759354189297,-0.028486521907589452
0.44999999999999996,-0.06474756878815509,-0.12354476928661245,0.15697600000000306,0.0249760000000037,6.0,6.0,0.0294924150300231,3.494088068259281,0.22172356878815813,0.14852076928661614
0.49999999999999994,-0.2516380866213476,-0.11144986253753585,0.17347600000000227,0.0249760000000037,6.0,6.0,-0.43067994513646835,3.30275679572124,0.42511408662134986,0.13642586253753955
0.5499999999999999,-0.0030941354026991497,0.020142189629858975,0.18997600000000311,0.0249760000000037,-3.3949066706320195,-3.4035870633859884,-0.03472157101587619,-1.2949511874320014,0.19307013540270226,0.004833810370144725
0.6,-0.29941361669695654,-0.014565648965737296,0.20647600000000493,0.0249760000000037,0.5739672452288901,0.36750032183136033,-0.8258676935901191,0.1793271556305239,0.5058896166969615,0.039541648965741
0.65,-0.29941361669695654,-0.014565648965737296,0.22297600000000647,0.0249760000000037,0.665130216720055,0.570316850355302,-0.37925346545901206,0.23532325087149655,0.522389616696963,0.039541648965741
0.7000000000000001,-0.29941361669695654,-0.014565648965737296,0.23947600000000668,0.0249760000000037,0.6666486069742142,0.5716286299834216,-0.38007990796317054,0.2358623308490735,0.5388896166969632,0.039541648965741
0.7500000000000001,-0.29941361669695654,-0.014565648965737296,0.2559760000000057,0.0249760000000037,0.6681673003031104,0.5729406716342366,-0.3809065146754953,0.23640151846425655,0.5553896166969623,0.039541648965741
0.8000000000000002,-0.29941361669695654,-0.014565648965737296,0.2724760000000041,0.0249760000000037,0.6696862967067444,0.5742529753077478,-0.3817332855959869,0.23694081371704612,0.5718896166969607,0.039541648965741
0.8500000000000002,-0.25036403802522145,-0.10620213920419101,0.28897600000000234,0.0249760000000037,2.115897252636941,2.036192642846352,-0.3188184391623569,0.7908742658063416,0.5393400380252238,0.13117813920419472
0.9000000000000002,-0.19619254649387963,-0.1403278592947718,0.3054760000000011,0.0249760000000037,4.57914444710792,4.539751067559894,-0.15757351819210336,1.7369324789843454,0.5016685464938807,0.16530385929477548
0.9500000000000003,-0.02284318071853153,-0.08622439881723849,0.3219760000000008,0.0249760000000037,0.04153192422436443,0.0753045393858819,0.13509046064606986,0.022254564497189776,0.34481918071853235,0.1112003988172422
1.0000000000000002,-0.08538649627542877,0.139082128229005,0.33847600000000205,0.0249760000000037,-6.0,-6.0,-0.13300074328051656,-3.7779045469517754,0.4238624962754308,-0.1141061282290013
1.0500000000000003,-0.1082214146334573,0.1467568658002012,0.3549760000000039,0.0249760000000037,-6.0,-6.0,0.08056557935610645,-2.697683973131285,0.4631974146334612,-0.1217808658001975
1.1000000000000003,-0.0073854720584092814,0.06149780441830605,0.37147600000000525,0.0249760000000037,0.411217459576683,0.47483696697066824,0.25447802957594107,0.168772271723305,0.37886147205841453,-0.036521804418302356
1.1500000000000004,-0.025216160302281895,-0.08796920285705877,0.3879760000000049,0.0249760000000037,6.0,6.0,0.18948353260542392,2.8182854631342145,0.4131921603022868,0.11294520285706247
1.2000000000000004,-0.017448764187759924,-0.07585669152550202,0.40447600000000344,0.0249760000000037,3.002281108961681,3.0823739942379187,0.3203715411049496,1.1589819244189714,0.42192476418776337,0.10083269152550572
1.2500000000000004,-0.06369878340924887,0.12531683055437803,0.42097600000000246,0.0249760000000037,-6.0,-6.0,-0.007414427036338215,-3.6218134479106388,0.4846747834092513,-0.10034083055437433
1.3000000000000005,-0.2678629850489515,0.08660180255811714,0.43747600000000303,0.0249760000000037,-6.0,-6.0,-0.5399893840353669,-2.9539594689215796,0.7053389850489545,-0.06162580255811344
1.3500000000000005,-0.2709896503654794,0.08101684556186847,0.4539760000000048,0.0249760000000037,-3.7322180428408944,-3.8151976103500274,-0.331918270036532,-1.4376029815601756,0.7249656503654842,-0.05604084556186477
1.4000000000000006,-0.019492376391210348,-0.07723783858915144,0.47047600000000644,0.0249760000000037,3.6697918251034922,3.6389650759770173,-0.12330699650589873,1.3921441716343828,0.4899683763912168,0.10221383858915514
1.4500000000000006,-0.2950428952007028,0.04204669951402997,0.4869760000000069,0.0249760000000037,-0.8830054424182133,-1.0892880967571477,-0.8251306173557377,-0.3756749598429259,0.7820188952007097,-0.01707069951402627
1.5000000000000007,-0.2919105321126165,-0.05462546200513885,0.5034760000000061,0.0249760000000037,0.0781257292099797,-0.026230461413552304,-0.417424762494128,0.009884812913605219,0.7953865321126227,0.07960146200514255
1.5500000000000007,-0.2970367073925689,-0.039554670196788246,0.5199760000000045,0.0249760000000037,2.2077952531456844,2.111656688480686,-0.38455425865999293,0.8227527507859753,0.8170127073925735,0.06453067019679194
1.6000000000000008,-0.2908245228018079,-0.05855842351682433,0.5364760000000028,0.0249760000000037,2.1316572560360725,2.0392666014271197,-0.3695626184358114,0.7944616871358461,0.8273005228018108,0.08353442351682804
1.6500000000000008,-0.18537802360166863,-0.14663727180460492,0.5529760000000015,0.0249760000000037,3.451682754075505,3.40424021514396,-0.1897701557261815,1.3058900893751362,0.7383540236016701,0.1716132718046086
1.7000000000000008,-0.02904901973476301,-0.08775082446645308,0.569476000000001,0.0249760000000037,0.33470687043671343,0.3772941678939482,0.17034918982893932,0.1356192453963165,0.598525019734764,0.11272682446645678
1.7500000000000009,-0.07457416017503192,0.12921689071516196,0.585976000000002,0.0249760000000037,-6.0,-6.0,-0.05491601818363306,-3.7383483638747967,0.660550160175034,-0.10424089071515825
1.800000000000001,-0.1481589842802245,0.14986152882150947,0.6024760000000038,0.0249760000000037,-6.0,-6.0,-0.03137715240025109,-3.3547278736953516,0.7506349842802282,-0.12488552882150576
1.850000000000001,-0.005675062000090825,0.03244923314206194,0.6189760000000053,0.0249760000000037,2.3088374340116733,2.3605691276611145,0.20692677459776393,0.8894107736519596,0.6246510620000961,-0.0074732331420582394
1.900000000000001,-0.13939469077305564,-0.15047348932273552,0.6354760000000051,0.0249760000000037,6.0,6.0,-0.2188652795264008,4.1387285147347415,0.7748706907730608,0.1754494893227392
1.950000000000001,-0.0559917083784766,-0.11321632004485369,0.6519760000000039,0.0249760000000037,2.8591547145065848,2.912507590114421,0.21341150243134574,1.0993642484992392,0.7079677083784804,0.13819232004485738
2.000000000000001,-0.2300787626633672,0.12878601949832447,0.6684760000000027,0.0249760000000037,-6.0,-6.0,-0.6483337554247899,-2.6002616465310924,0.8985547626633699,-0.10381001949832076
2.0500000000000007,-0.22222935255731008,-0.13414843974396568,0.684976000000003,0.0249760000000037,2.8886732384282854,2.7547751508287948,-0.5355923503979619,1.074942550334682,0.9072053525573132,0.15912443974396936
2.1000000000000005,-0.27878510196103157,-0.08237553024303822,0.7014760000000047,0.0249760000000037,5.76882247653848,5.676214944564874,-0.37043012789442564,2.18000712782921,0.9802611019610362,0.10735153024304192
2.1500000000000004,-0.08367067613879063,-0.13348541870300995,0.7179760000000064,0.0249760000000037,2.2787814444021097,2.2720181713609278,-0.027053092164726147,0.8668189744310548,0.801646676138797,0.15846141870301364
2.2,-0.16832482997495235,0.14847199291535124,0.7344760000000069,0.0249760000000037,-6.0,-6.0,-0.4787401164489744,-3.2163114245636386,0.9028008299749593,-0.12349599291534753
2.25,-0.2830989144678302,-0.07578030374866178,0.7509760000000061,0.0249760000000037,-0.0151348518544452,-0.18313883098040684,-0.6720159165038466,-0.03776641577806706,1.0340749144678363,0.10075630374866548
2.3,-0.29284566078151125,0.055179384075910685,0.7674760000000045,0.0249760000000037,0.50927529955723,0.3927832642181778,-0.46596814135620934,0.1718206788143634,1.0603216607815158,-0.030203384075906985
2.3499999999999996,-0.27848837799099496,0.08260821605041667,0.7839760000000027,0.0249760000000037,-3.08432514425075,-3.1707281916556487,-0.34561218961959267,-1.1914387306488379,1.0624643779909977,-0.057632216050412965
2.3999999999999995,-0.291761694553219,0.05866628309577238,0.8004760000000012,0.0249760000000037,-3.493115108410863,-3.5882258121443416,-0.3804428149339152,-1.3488268420105152,1.0922376945532202,-0.033690283095768686
2.4499999999999993,-0.14219351859127582,0.1482177381354065,0.8169760000000005,0.0249760000000037,-3.305381755633523,-3.3366343501840103,-0.12501037820195,-1.2651459249176253,0.9591695185912763,-0.1232417381354028
2.499999999999999,-0.008931578713876676,0.018659797833900902,0.8334760000000013,0.0249760000000037,2.8649756108823436,2.9205864567382362,0.22244338342357106,1.10201182240392,0.8424075787138781,0.006316202166102798
2.549999999999999,-0.24201245366230156,-0.1287997437343522,0.8499760000000031,0.0249760000000037,6.0,6.0,-0.6061442113114814,3.4088745509151654,1.0919884536623046,0.1537757437343559
2.5999999999999988,-0.023115417651646847,-0.0641634970268881,0.8664760000000046,0.0249760000000037,-0.9838587566059183,-0.9581915237812515,0.10266893129866712,-0.3699143391213657,0.8895914176516514,0.0891394970268918
2.6499999999999986,-0.15879878704993688,0.14786056717803145,0.8829760000000046,0.0249760000000037,-6.0,-6.0,-0.33006557914373735,-4.050030696654631,1.0417747870499414,-0.12288456717802775
2.6999999999999984,-0.09990565190822351,0.13677388455274014,0.8994760000000033,0.0249760000000037,-5.069169596724638,-5.0365225069428075,0.13058835912732197,-1.9248937340318943,0.9993816519082268,-0.11179788455273644
2.7499999999999982,-0.010232989291285577,-0.02376272201323016,0.915976000000002,0.0249760000000037,4.844288350352897,4.9017665930849175,0.22991297092808205,1.8563914177976788,0.9262089892912876,0.04873872201323386
2.799999999999998,-0.2974538581790078,-0.06966569887417821,0.932476000000002,0.0249760000000037,5.4494228350311955,5.250980689663543,-0.7937685814706097,2.038172099941855,1.22992985817901,0.09464169887418192
2.849999999999998,-0.16141291199155067,-0.15431202453467638,0.9489760000000034,0.0249760000000037,3.6775245115898434,3.6445619413759536,-0.13185028085556105,1.394683133898247,1.110388911991554,0.17928802453468007
2.8999999999999977,-0.1842792652706825,0.14455926024348367,0.9654760000000052,0.0249760000000037,-6.0,-6.0,-0.5123365842181764,-2.5262430737085713,1.1497552652706877,-0.11958326024347997
2.9499999999999975,-0.29155500449410465,-0.07887949822393707,0.981976000000006,0.0249760000000037,0.0388465845630707,-0.12921514515743188,-0.6722469188820103,-0.0172130591608307,1.2735310044941106,0.10385549822394077
2.9999999999999973,-0.2895057963206325,0.07254434959223867,0.9984760000000054,0.0249760000000037,-0.10922256817863177,-0.22807623476037894,-0.47541466632698876,-0.06424739103600204,1.287981796320638,-0.047568349592234965
3.049999999999997,-0.2804677854203936,0.08609479244668919,1.0149760000000039,0.0249760000000037,-3.8219429368094957,-3.9074235199864127,-0.341922332707669,-1.472260277484935,1.2954437854203975,-0.061118792446685485
3.099999999999997,-0.2760993333009763,0.09185686046425813,1.031476000000002,0.0249760000000037,-4.349341671172794,-4.431723401104706,-0.3295269197276453,-1.6725838232909522,1.3075753333009783,-0.06688086046425443
3.149999999999997,-0.17307848600823175,0.14680318825611138,1.0479760000000005,0.0249760000000037,-4.412852829269843,-4.440614446339858,-0.11104646828005552,-1.6863747191637526,1.2210544860082322,-0.12182718825610768
3.1999999999999966,-0.015360520275663453,-0.018169778756841823,1.0644759999999995,0.0249760000000037,4.611111016745456,4.648292219082652,0.1487248093487825,1.7636958544434491,1.079836520275663,0.043145778756845526
3.2499999999999964,-0.2684262245611816,0.10738580168646002,1.080976,0.0249760000000037,-6.0,-6.0,-0.6714897845322826,-3.195643618985772,1.3494022245611816,-0.08240980168645631
3.2999999999999963,-0.29046392291531237,0.08415537764284661,1.0974760000000017,0.0249760000000037,-5.215445653804183,-5.3021123767082,-0.3466668916160694,-2.0033443867642635,1.387939922915314,-0.05917937764284291
3.349999999999996,-0.2510112889792117,-0.1328732173180142,1.1139760000000032,0.0249760000000037,2.331925320850153,2.2128027176196743,-0.4764904129219149,0.8656624835180623,1.364987288979215,0.15784921731801788
3.399999999999996,-0.22378643210217963,0.13444159538909506,1.1304760000000036,0.0249760000000037,-3.78032224077926,-3.9085168386834623,-0.5127783916168102,-1.4645407770405185,1.3542624321021832,-0.10946559538909136
3.4499999999999957,-0.22378643210217963,0.13444159538909506,1.1469760000000027,0.0249760000000037,-6.0,-6.0,-0.1503755694510014,-2.6417111221224445,1.3707624321021823,-0.10946559538909136
3.4999999999999956,-0.22378643210217963,0.13444159538909506,1.163476000000001,0.0249760000000037,-6.0,-6.0,-0.15066410217862036,-2.6469623964364115,1.3872624321021807,-0.10946559538909136
3.5499999999999954,-0.2891423175269107,-0.10771615549425427,1.1799760000000008,0.0249760000000037,1.4142229070025487,1.2544392278218615,-0.639134716722749,0.5083165971094115,1.4691183175269116,0.13269215549425797
3.599999999999995,-0.3021273156690836,-0.09223652951602666,1.196476000000002,0.0249760000000037,4.730435243299299,4.639998535528422,-0.3617468310835046,1.7848445293005184,1.4986033156690857,0.11721252951603037
3.649999999999995,-0.05884860402710909,-0.09429781695456123,1.2129760000000038,0.0249760000000037,0.6673275135592361,0.6770787221811473,0.03900483448764468,0.25607737823626353,1.2718246040271128,0.11927381695456493
3.699999999999995,-0.09053839521986128,0.11056629894868134,1.229476000000005,0.0249760000000037,-6.0,-6.0,0.039347442997953036,-3.7437559528740545,1.3200143952198662,-0.08559029894867763
3.7499999999999947,-0.120904646783138,0.12864264817551907,1.2459760000000044,0.0249760000000037,-6.0,-6.0,0.16222208449337316,-2.943213825731084,1.3668806467831425,-0.10366664817551537
3.7999999999999945,-0.26810786455843094,0.11473661127797563,1.262476000000003,0.0249760000000037,-6.0,-6.0,-0.3600092007893285,-3.631133312505701,1.530583864558434,-0.08976061127797193
3.8499999999999943,-0.04603059255168088,0.054409234375646244,1.2789760000000014,0.0249760000000037,0.7533755703736374,0.7827791895946338,0.11761447688398521,0.2926009066606231,1.3250065925516823,-0.029433234375642544
3.899999999999994,-0.2809856250886815,-0.12357242104788466,1.2954759999999996,0.0249760000000037,6.0,6.0,-0.715431895460959,2.846150997050694,1.5764616250886812,0.14854842104788835
3.949999999999994,-0.2932439224621478,-0.1130339828703916,1.3119759999999987,0.0249760000000037,5.6818234020931655,5.601861063690398,-0.3198493536110667,2.149273231577822,1.6052199224621466,0.1380099828703953
3.999999999999994,-0.1515521825983111,-0.15492251730059242,1.328475999999999,0.0249760000000037,3.98120034898797,3.9755148510559164,-0.022741991728212743,1.5155648000083592,1.4800281825983101,0.1798985173005961
4.049999999999994,-0.031685578853838214,0.011585507101318943,1.3449760000000006,0.0249760000000037,-4.910197614527455,-4.857810078179357,0.20955014539239503,-1.8605728938489166,1.3766615788538388,0.013390492898684757
4.099999999999993,-0.3193242102895525,0.036146217188118286,1.3614760000000024,0.0249760000000037,-3.7093479100261812,-3.920360398969041,-0.8440499557714395,-1.453277773141947,1.6808002102895547,-0.011170217188114586
4.149999999999993,-0.32165807789241474,0.02697940745116491,1.377976000000003,0.0249760000000037,-1.966649725723085,-2.0738723751878534,-0.4288905978590731,-0.7696232573163693,1.6996340778924177,-0.0020034074511612113
4.199999999999993,-0.1242365151711606,0.13317674294455686,1.394476000000002,0.0249760000000037,-3.2038596549369958,-3.2308130765028062,-0.10781368626324331,-1.2256519488456765,1.5187125151711627,-0.10820074294455316
4.249999999999993,-0.09843369839226154,-0.1353676838189481,1.4109760000000005,0.0249760000000037,6.0,6.0,-0.14366702508840803,3.663794834733849,1.509409698392262,0.16034368381895178
4.299999999999993,-0.2774703912119225,-0.11950817545866757,1.427476,0.0249760000000037,6.0,6.0,-0.4606978982923755,3.597255747786697,1.7049463912119225,0.14448417545867126
4.3499999999999925,-0.04356086187924149,-0.07464642826753032,1.443976000000001,0.0249760000000037,-0.37130950179704575,-0.34667931997053153,0.09852072730605671,-0.13675977557477662,1.4875368618792426,0.09962242826753402
4.399999999999992,-0.25549090617231884,0.12009522131351226,1.4604760000000028,0.0249760000000037,-6.0,-6.0,-0.6507585134384258,-3.2732697266106894,1.7159669061723215,-0.09511922131350856
4.449999999999992,-0.2532675819653584,0.12138776217724807,1.4769760000000038,0.0249760000000037,-6.0,-6.0,-0.22957937902893352,-2.4929119195190057,1.7302435819653623,-0.09641176217724437
4.499999999999992,-0.15289735836698465,0.1403249560991918,1.4934760000000036,0.0249760000000037,-5.06046519361512,-5.057257899148863,0.01282917786503158,-1.9271853510026633,1.6463733583669882,-0.11534895609918809
4.549999999999992,-0.04715311393412849,-0.07996927283736674,1.5099760000000024,0.0249760000000037,6.0,6.0,0.07968322290413224,2.8431761002351474,1.557129113934131,0.10494527283737044
4.599999999999992,-0.32387829977346966,-0.04256038568883147,1.5264760000000006,0.0249760000000037,4.498361664087862,4.291472500738009,-0.827556653399414,1.6742541266334994,1.8503542997734703,0.06753638568883517
4.6499999999999915,-0.22551242829370127,-0.14976897616185392,1.542975999999999,0.0249760000000037,3.9867143240595486,3.9226829260044904,-0.2561255922202314,1.5065518571550551,1.7684884282937003,0.1747449761618576
4.699999999999991,-0.09988306070159438,0.12278296967870052,1.5594759999999979,0.0249760000000037,-6.0,-6.0,-0.23517848682442888,-2.8160003081140936,1.6593590607015922,-0.09780696967869681
4.749999999999991,-0.28939648693431297,0.08644585779903345,1.5759759999999978,0.0249760000000037,-6.0,-6.0,-0.5407223458510678,-3.3189790842576516,1.865372486934311,-0.06146985779902975
4.799999999999991,-0.08349115607447255,0.11400272209836354,1.5924759999999993,0.0249760000000037,-2.323438885622953,-2.3134233819636787,0.04006201463709586,-0.8832118604926918,1.675967156074472,-0.08902672209835984
4.849999999999991,-0.19300704262343046,-0.15579379762567397,1.608976000000001,0.0249760000000037,6.0,6.0,-0.49324539222746266,3.6520139992742777,1.8019830426234316,0.18076979762567766
4.899999999999991,-0.2837671595033899,-0.10872112955352306,1.625476000000002,0.0249760000000037,6.0,6.0,-0.38937718456385145,2.9620781702320786,1.9092431595033919,0.13369712955352675
4.94999999999999,-0.2515515625629323,0.12089786986350123,1.6419760000000012,0.024976000000003697,-2.7756970506333554,-2.902508682356725,-0.5072465268934788,-1.0815629967600153,1.8935275625629335,-0.09592186986349754
4.99999999999999,-0.03912339457201444,-0.07068387301110624,1.6584759999999998,0.024976000000003693,5.537967730731976,5.534778342077539,-0.0127575546177472,2.1090944900589554,1.6975993945720143,0.09565987301110992
5.04999999999999,-0.029137249545997557,-0.04198836940101601,1.674975999999999,0.0249760000000037,0.9924957678089268,1.0984078631789542,0.42364838148010964,0.39826735828340587,1.7041132495459965,0.06696436940101971
5.09999999999999,-0.06600850284729859,0.09543190432957324,1.691476,0.024976000000003714,-6.0,-6.0,0.21965390503507895,-3.297590685899329,1.7574845028472985,-0.07045590432956952
5.14999999999999,-0.21668944510937077,0.13686640392489755,1.7079760000000017,0.02497600000000372,-6.0,-6.0,-0.24997074216870202,-4.226207737890625,1.9246654451093725,-0.11189040392489383
5.1999999999999895,-0.0398493690237027,0.05539105352527194,1.7244760000000032,0.0249760000000037,0.5798000845319822,0.6330290164823067,0.21291572780129828,0.23101506685986456,1.764325369023706,-0.03041505352526824
5.249999999999989,-0.15302601738548677,-0.1556934406389037,1.7409760000000032,0.024976000000003648,6.0,6.0,-0.2248133008291318,4.423724575886329,1.89400201738549,0.18066944063890733
5.299999999999989,-0.3265874239568446,-0.014653390239292081,1.757476000000002,0.02497600000000362,4.34847479768194,4.171053552346821,-0.7096849813404758,1.622767304767383,2.0840634239568465,0.0396293902392957
5.349999999999989,-0.22293252004483527,-0.15037580788469287,1.7739760000000002,0.02497600000000369,3.9015107795391537,3.8279921122845946,-0.2940746690182349,1.4722862651092854,1.9969085200448355,0.17535180788469656
5.399999999999989,-0.05390231542782829,0.08047642593351369,1.7904759999999982,0.024976000000003884,-6.0,-6.0,-0.04682848336536982,-2.645658952245029,1.8443783154278264,-0.0555004259335098
5.449999999999989,-0.3221759874991438,0.01515851891305961,1.8069759999999968,0.024976000000004,-3.8534002949073183,-4.063519339535615,-0.840476178513188,-1.5079846922748446,2.1291519874991405,0.009817481086944389
5.4999999999999885,-0.27603504793686484,0.10224405758414352,1.8234759999999968,0.02497600000000375,-3.3405320563903445,-3.4320725079387016,-0.36616180619342753,-1.2900199170150564,2.0995110479368617,-0.07726805758413978
5.549999999999988,-0.026093242214010715,-0.029925559319290394,1.8399759999999987,0.02497600000000303,3.668881039214548,3.679652095196933,0.043084223929538555,1.3997205970307582,1.8660692422140095,0.05490155931929343
5.599999999999988,-0.28266638619689116,-0.11128402139667361,1.856476000000001,0.02497600000000259,6.0,6.0,-0.7001589925725666,3.300868302537986,2.139142386196892,0.1362600213966762
5.649999999999988,-0.029000640665971356,-0.04700570339293237,1.8729760000000013,0.024976000000003457,-1.249176842720263,-1.226000492564544,0.09270540062287531,-0.47146234957805844,1.9019766406659726,0.07198170339293583
5.699999999999988,-0.3087038917999656,0.0568593198771312,1.8894759999999982,0.02497600000000611,-4.008926835143246,-4.225937619505059,-0.8680431374472501,-1.568545610409201,2.1981798917999638,-0.03188331987712509
5.749999999999988,-0.28268365375783555,0.09460749802936795,1.905975999999995,0.024976000000007846,-4.237374942288504,-4.32597779981214,-0.35441143009454207,-1.6311148080191704,2.1886596537578304,-0.06963149802936011
5.799999999999987,-0.044121796592992646,0.06772816688288028,1.9224759999999972,0.024976000000004817,-0.2780900096048143,-0.25240845461418465,0.10272621996251871,-0.10104732651790456,1.96659779659299,-0.04275216688287546
5.849999999999987,-0.10012985919634229,-0.13706831998112667,1.9389760000000076,0.024975999999995026,6.0,6.0,-0.00021987048976594473,4.180653770391525,2.03910585919635,0.1620443199811217
5.899999999999987,-0.12387306404006362,-0.1480610936910545,1.955476000000016,0.024975999999988233,6.0,6.0,0.1488749240325389,3.1565040302057987,2.0793490640400796,0.17303709369104273
5.949999999999987,-0.04010229464702697,-0.06894860655932143,1.9719760000000068,0.024975999999998794,0.5100813881990535,0.5972572213094655,0.34870333244164775,0.21092163990638454,2.0120782946470337,0.09392460655932022
5.999999999999987,-0.03830202614940134,0.04951465792783408,1.9884759999999713,0.024976000000034863,-5.965994305656516,-5.877845534804982,0.35259508340613693,-2.255969493421238,2.0267780261493726,-0.024538657927799214
6.0499999999999865,-0.16580896866944747,0.14213869246214014,2.004975999999944,0.024976000000061335,-6.0,-6.0,-0.09717920826839092,-4.431257627909072,2.1707849686693916,-0.1171626924620788
6.099999999999986,-0.07823007263718587,0.10498416580240005,2.021475999999979,0.024976000000024673,-3.7643854600505495,-3.70017529123297,0.25684067527031856,-1.4218210954825752,2.099706072637165,-0.08000816580237538
6.149999999999986,-0.11206108679798976,-0.14240026909799797,2.03797600000011,0.024975999999891956,6.0,6.0,-0.11498564717286043,4.192314515607478,2.1500370867981,0.1673762690978899
6.199999999999986,-0.32271734005297287,-0.052444165870005936,2.054476000000211,0.02497599999978915,6.0,6.0,-0.7161534884613491,2.4046577889929512,2.377193340053184,0.07742016586979508
6.249999999999986,-0.24717905783375688,-0.14155319608920197,2.070976000000084,0.02497599999991589,4.514048237856131,4.441818144067963,-0.2889203751526704,1.7058793108426846,2.318155057833841,0.16652919608911787
6.299999999999986,-0.07124535109616763,0.0980640439188294,2.0874759999995973,0.02497600000040362,-6.0,-6.0,-0.11351243030364686,-2.6587214930557383,2.158721351095765,-0.07308804391842579
6.349999999999985,-0.32573960352679937,-0.014150140308778671,2.103975999999201,0.024976000000801607,-2.1858267678287486,-2.4024220937359217,-0.866381303628691,-0.8739521641075563,2.429715603526,0.03912614030958028
6.399999999999985,-0.2990288436265418,0.07575902293411163,2.120475999999638,0.02497600000036554,-2.1630067784587497,-2.2731161482861375,-0.4404374793095526,-0.8449757955704548,2.41950484362618,-0.05078302293374609
6.449999999999985,-0.07046660508353106,0.09971764649078205,2.136976000001428,0.024975999998575346,-2.03978821216988,-2.0251474099810376,0.05856320875537137,-0.77427345183827,2.207442605084959,-0.0747416464922067
6.499999999999985,-0.028184896919403124,-0.027360839678272637,2.153476000002963,0.0249759999970392,4.241299792165545,4.334488633733505,0.372755366271838,1.6334835096950573,2.181660896922366,0.05233683967531184
6.549999999999985,-0.07818450118530963,-0.11982725656982088,2.1699760000014696,0.02497599999853137,6.0,6.0,0.25099864696553975,3.3600913106818617,2.248160501186779,0.14480325656835225
6.5999999999999845,-0.06827781258636893,-0.10996154797350347,2.186475999994907,0.024976000005094093,5.285596326250267,5.36991870521834,0.3372895158722906,2.029621910755925,2.254753812581276,0.13493754797859756
6.649999999999984,-0.3218791428352161,0.03768808503197475,2.2029759999889955,0.02497600001100722,-0.7481865590283838,-0.9706486398645731,-0.8898483233447572,-0.3273971807415156,2.5248551428242116,-0.012712085020967531
6.699999999999984,-0.20833700697504637,-0.1533518064876542,2.2194759999940707,0.024976000005933623,4.159246074787335,4.070285175545754,-0.35584359696632306,1.5675297619682076,2.4278130069691173,0.17832780649358781
6.749999999999984,-0.26457267560105846,-0.1279819737054278,2.2359760000181,0.02497599998190492,6.0,6.0,-0.3104924446811377,3.1603868439995924,2.5005486756191586,0.15295797368733272
6.799999999999984,-0.05902549018671051,-0.1021732860744242,2.2524760000408044,0.024975999959200117,1.3649547942515012,1.4017115967356457,0.14702720993657736,0.5269840744737423,2.311501490227515,0.12714928603362433
6.849999999999984,-0.31552412932399815,0.042499457142277756,2.2689760000236805,0.024975999976322355,-1.2752675636368835,-1.4987309425560131,-0.8938535156765192,-0.528380667846266,2.5845001293476786,-0.0175234571659554
6.8999999999999835,-0.32343110816060366,-0.011735967594718717,2.28547599993581,0.0249760000641913,-1.0909689789408592,-1.216332556492711,-0.501454310207407,-0.4394860067492515,2.608907108096414,0.036711967658910015
6.949999999999983,-0.0748690630321323,-0.12049827824312905,2.3019759998488296,0.024976000151170033,3.3057854565818543,3.289840464116315,-0.06377996986215602,1.2563096991806038,2.376845062880962,0.14547427839429908
6.999999999999983,-0.0304558233507915,-0.05668322243754509,2.3184759999060978,0.024976000093901003,0.8502275204693438,0.9538323889696315,0.4144194740011509,0.3436304589407572,2.348931823256889,0.08165922253144609
7.049999999999983,-0.05803402457036835,0.09316662858032106,2.3349760002270172,0.024975999772982423,-6.0,-6.0,0.2389319046705791,-3.4184589085792916,2.393010024797386,-0.06819062880733863
7.099999999999983,-0.08744131301151956,0.11917721305127657,2.3514760005595035,0.02497599944049775,-6.0,-6.0,0.2536055358130393,-3.061084364385137,2.438917313571023,-0.09420121361077882
7.149999999999983,-0.2984143416517734,0.07124241792971389,2.367976000370029,0.024975999629973974,-6.0,-6.0,-0.6586761059689411,-3.136788266444205,2.6663903420218023,-0.04626641829973992
7.199999999999982,-0.23040989592249658,0.13193211347102665,2.3844759991994438,0.024976000800559225,-5.48155939462522,-5.5421074502641705,-0.24219222255580108,-2.099746065693217,2.6148858951219403,-0.10695611267046742
7.249999999999982,-0.23040989592249658,0.13193211347102665,2.4009759979310528,0.02497600206894877,-6.0,-6.0,-0.199780264788695,-2.97071191899005,2.6313858938535493,-0.10695611140207788
7.299999999999982,-0.2879509007749677,-0.11195357945288598,2.4174759985495187,0.02497600145048134,2.334851846111813,2.165871445170276,-0.6759216037661497,0.8572806269108741,2.7054268993244865,0.13692958090336732
7.349999999999982,-0.27113501042986105,0.11167508651143042,2.4339760028138726,0.024975997186127676,-3.031590145642819,-3.168969610317001,-0.5495178586967261,-1.1810590011352038,2.7051110132437337,-0.08669908932530274
7.399999999999982,-0.311435677123279,0.06943812146834547,2.4504760076434353,0.02497599235656636,-5.994315385460829,-6.0,-0.43896811981270645,-2.304451962071397,2.7619116847667144,-0.0444621291117791
7.4499999999999815,-0.16240610688032256,0.13788450187240092,2.4669760056592835,0.024975994340719843,-4.863086577497636,-4.879567821870218,-0.06592497749032382,-1.8557436951176867,2.629382112539606,-0.11290850753168108
7.499999999999981,-0.03889514916313114,0.008846784178622311,2.483475990144795,0.024976009855209258,2.651512440151964,2.731659338836499,0.3205875947381398,1.0253660531406597,2.5223711393079262,0.016129225676586947
7.549999999999981,-0.3278886325810473,-0.07607432054197447,2.499975971788645,0.02497602821135838,5.014322919293433,4.789696435031741,-0.8985059370467703,1.8674322579666998,2.8278646043696924,0.10105034875333285
7.599999999999981,-0.2990605500659927,-0.12624003738710718,2.516475978010227,0.024976021989775308,5.115737619825935,5.025791417912402,-0.3597848076541278,1.9317198167120642,2.8155365280762195,0.15121605937688248
7.649999999999981,-0.15822683302386328,-0.15609220126012152,2.532976034380073,0.02497596561992747,4.959444152235245,4.967393937284288,0.03179914019616732,1.8908263027656254,2.6912028674039363,0.18106816688004898
7.699999999999981,-0.2367545025215148,0.1333285992001543,2.5494761040288356,0.024975895971163294,-6.0,-6.0,-0.564947637243223,-3.3407570217808322,2.7862306065503506,-0.10835270322899102
7.7499999999999805,-0.08469259681327485,-0.10483454219038019,2.5659760851297126,0.024975914870285245,6.0,6.0,-0.01641722504395162,2.984557027758722,2.6506686819429874,0.12981045706066544
7.79999999999998,-0.09230296539848776,-0.11382164384184376,2.582475880593029,0.02497611940696951,6.0,6.0,0.35776408185149006,2.353418462638034,2.6747788459915167,0.13879776324881327
7.84999999999998,-0.0693876730882795,0.05449258380643962,2.5989756167550997,0.024976383244900528,-6.0,-6.0,0.29332883576528146,-2.878743917545612,2.6683632898433793,-0.029516200561539092
7.89999999999998,-0.3242122098639106,-0.10400504631012017,2.6154756715239413,0.024976328476060662,6.0,5.874896539640061,-0.8534577884932364,2.278696671695892,2.9396878813878518,0.12898137478618082
7.94999999999998,-0.30908042879191944,-0.12379696605031626,2.6319764126622562,0.024975587337745637,5.7776310366155,5.688927078826123,-0.3548158311575079,2.1841063077031664,2.941056841454176,0.1487725533880619
7.99999999999998,-0.3415563765854427,-0.08649829635031538,2.64847741055214,0.02497458944786071,5.483548095390147,5.367663441607932,-0.46353861512885863,2.0668974356186816,2.9900337871375826,0.11147288579817609
8.04999999999998,-0.06311573765698658,-0.03872929727761193,2.664977263641664,0.024974736358335293,-0.9838946779170932,-0.962465442509032,0.0857169416322447,-0.37073526103354765,2.7280930012986504,0.06370403363594722
8.09999999999998,-0.24122241210938805,0.13185363390716073,2.6814745818896837,0.024977418110315595,-6.0,-6.0,-0.41014346415304387,-4.683322393864816,2.9226969939990717,-0.10687621579684514
8.14999999999998,-0.11985613095659339,0.10378689440239211,2.6979708133315596,0.02498118666844139,-4.004680974128857,-3.9489502507694825,0.22292289343749705,-1.5149773761711123,2.817826944288153,-0.07880570773395072
8.199999999999982,-0.10970105198033749,-0.12523224434639713,2.714471152059793,0.024980847940210087,6.0,6.0,0.07165211298458947,3.953471504826203,2.8241722040401305,0.1502130922866072
8.249999999999982,-0.28440044313759827,-0.1470654769489464,2.7309808418789356,0.024971158121068548,6.0,6.0,-0.40603955075584314,4.3735537313739785,3.015381285016534,0.17203663507001493
8.299999999999983,-0.12265559762794925,-0.13573356430327377,2.747495053287498,0.0249569467125059,3.5098397824819583,3.5502958608677173,0.1618243135430352,1.3447877415904144,2.8701506509154475,0.16069051101577966
8.349999999999984,-0.1577134061493448,0.12470926405753799,2.7639945525053933,0.0249574474946097,-6.0,-6.0,-0.1689858858694438,-4.4048388294921965,2.921707958654738,-0.09975181656292828
8.399999999999984,-0.3600419161314333,-0.014684494290034912,2.7804595921601725,0.02499240783982897,-3.6077662570704065,-3.811974845265226,-0.816834352779279,-1.4132840194925014,3.1405015082916057,0.039676902129863884
8.449999999999985,-0.25380075426709137,0.1288366957593029,2.796906075717422,0.02504592428257821,-4.696723731431823,-4.774694776642307,-0.311884180841937,-1.804079715823644,3.0507068299845135,-0.10379077147672469
8.499999999999986,-0.08213859212897062,-0.09080274098387472,2.813405165441681,0.025046834558318392,6.0,6.0,0.043827296689234393,2.750485384904086,2.895543757570652,0.11584957554219312
8.549999999999986,-0.29605450202309186,-0.13975552748682224,2.830031110992738,0.024920889007262366,6.0,6.0,-0.5332070797630515,4.348100687008906,3.12608561301583,0.1646764164940846
8.599999999999987,-0.11676357744083635,-0.1302947036426917,2.846732363606382,0.02471963639361997,3.075053050942956,3.1157327147164287,0.1627186550938885,1.1791972886970257,2.9634959410472184,0.15501434003631165
8.649999999999988,-0.17592334773313628,0.12936201097227332,2.863245872825453,0.024706127174551135,-6.0,-6.0,-0.2290949415425653,-4.493402447706962,3.039169220558589,-0.10465588379772219
8.699999999999989,-0.34343182634685504,0.05666301947681078,2.879292850128097,0.02515914987190754,-6.0,-6.0,-0.6037454205436457,-3.1264945219704185,3.2227246764749524,-0.03150386960490324
8.74999999999999,-0.34343182634685504,0.05666301947681078,2.895037039014813,0.025914960985190794,-4.3636631382452675,-4.473454073587772,-0.43916374137001907,-1.6832604213015312,3.2384688653616682,-0.030748058491619986
8.79999999999999,-0.3200649636005566,-0.11620549321941337,2.9114498542909284,0.026002145709074064,2.6886188934770145,2.5543568335043685,-0.5370482398905843,0.9986620432345491,3.231514817891485,0.14220763892848742
8.84999999999999,-0.2801539643181371,0.11822569324867846,2.9295767843870375,0.024375215612965132,-4.541520031254684,-4.692755023703395,-0.604939969794845,-1.7589095342777294,3.2097307487051747,-0.09385047763571333
8.899999999999991,-0.35623794524802066,0.026974175625938165,2.9489115243835387,0.021540475616465802,-4.762211559348781,-4.921008709873163,-0.6351886020975311,-1.8444229084232275,3.3051494696315595,-0.0054337000094723635
8.949999999999992,-0.2132451568146282,0.13435164094712324,2.965870497221758,0.021081502778248322,-4.567773332719231,-4.5994372971695014,-0.12665585780108532,-1.7461353580740442,3.1791156540363863,-0.1132701381688749
8.999999999999993,-0.3441634108840556,-0.09011340633533471,2.976520101130819,0.02693189886918831,-3.9445572708641925,-4.123562623675205,-0.716021411244053,-1.5367847418170284,3.3206835120148748,0.11704530520452303
9.049999999999994,-0.07023737790388296,0.018277743211731833,2.979219078185328,0.04073292181467897,4.388870014019873,4.337714640859443,-0.2046214926417183,1.6622066009293934,3.049456456089211,0.022455178602947136
9.099999999999994,-0.29814506130436014,-0.14305375335208367,2.9772702584864725,0.05918174151353307,0.35462832802086675,0.15356678602487642,-0.8042461679839612,0.09679906934204631,3.2754153197908327,0.20223549486561676
9.149999999999995,-0.24909796452254984,-0.1636440719399511,2.974614786073408,0.07833721392659729,-0.6619725888230192,-0.7715328308393443,-0.43824096806530033,-0.2730486513642597,3.2237127505959577,0.24198128586654838
9.199999999999996,-0.22890605977105005,-0.16667503954513133,2.973837352175441,0.095614647824566,1.9023502804180807,1.8070265257244402,-0.3812950187745614,0.7065479630747659,3.202743411946491,0.2622896873696973
9.249999999999996,-0.28699540545225166,-0.1507603902616481,2.974337333432837,0.11161466656717221,1.6535353109745026,1.5499279712612346,-0.41442935885307247,0.6101834823306166,3.2613327388850886,0.2623750568288203
9.299999999999997,-0.1457855648789387,-0.1479102798527976,2.9750581381652332,0.12739386183477738,2.445098961156021,2.3630457275313512,-0.3282129344986787,0.9158370835594994,3.120843703044172,0.275304141687575
9.349999999999998,-0.07041329734617877,-0.028670866770164442,2.9752812473254995,0.14367075267451038,3.267639615071773,3.274841900650274,0.02880914231400308,1.246186955375628,3.045694544671678,0.17234161944467483
9.399999999999999,-0.0901585420654267,0.057609561648774316,2.975153487680253,0.16029851231975598,1.9350046929954314,2.003723872760437,0.27487671906002326,0.7502340125249274,3.0653120297456793,0.10268895067098166
9.45,-0.3114400245159389,0.10164974321417833,2.97495807187607,0.1769939281239384,-6.0,-6.0,-0.06731212847696659,-3.8258909972042576,3.2863980963920087,0.07534418490976008
9.5,-0.3651216875218046,-0.05548417993055797,2.9748942508768303,0.19355774912317916,-6.0,-6.0,-0.3957040551958627,-3.4642993146566994,3.340015938398635,0.24904192905373712
9.55,-0.3651216875218046,-0.05548417993055797,2.974926748710351,0.2100252512896607,-5.415753794438744,-5.480534256473265,-0.2591218481380838,-2.075483438268954,3.3400484362321556,0.2655094312202187
9.600000000000001,-0.07641515405473151,-0.061310000323457084,2.9749796692433983,0.22647233075661516,4.937628747519561,4.84394832826494,-0.3747216770184839,1.8631575382446668,3.05139482329813,0.28778233108007223
9.650000000000002,-0.11168540232270603,-0.12083959576955829,2.9749978884571835,0.24295411154283036,6.0,6.0,-0.1656761094809639,3.2016228426816213,3.0866832907798893,0.36379370731238864
9.700000000000003,-0.36527051291186385,-0.05925958258368472,2.974989671018586,0.25946232898142657,-1.943078470668384,-2.09462661436689,-0.6061925747940243,-0.7690866828638616,3.3402601839304498,0.3187219115651113
9.750000000000004,-0.23940333285754267,-0.1666438731782542,2.9749753294327648,0.27597667056724634,-1.5067576724094118,-1.6395818181245663,-0.5312965828606182,-0.5993027601017101,3.2143786622903074,0.4426205437455005
9.800000000000004,-0.15452745791636627,-0.15206078700567457,2.974970077870833,0.2924819221291768,3.3233448913588073,3.2475172782344566,-0.3033104524974041,1.2515927942082408,3.1294975357871992,0.4445427091348514
9.850000000000005,-0.15452745791636627,-0.15206078700567457,2.974972115827021,0.3089798841729876,5.491236802970033,5.424570434366438,-0.2666654744143781,2.0792013785402803,3.1294995737433875,0.4610406711786622
9.900000000000006,-0.1146391421937863,-0.12318009290500506,2.974976097684458,0.3254759023155506,5.387296704638147,5.346141416867366,-0.16462115108312297,2.044464404096288,3.0896152398782446,0.44865599522055566
9.950000000000006,-0.11367642821934155,0.08667902759150911,2.9749778470051815,0.3419741529948284,-1.2640323996551055,-1.2267370582250028,0.14918136572041027,-0.4744322776914492,3.088654275224523,0.25529512540331933
10.000000000000007,-0.26218406127111027,-0.1631368235128311,2.974977458067256,0.35847454193275563,3.1959779622910576,2.988226189868568,-0.8310070896899583,1.1779436480304049,3.2371615193383665,0.5216113654455867
