t,x_actual,y_actual,x_deseada,y_deseada,Ref_Izq,Ref_Der,Vel_Lineal,Vel_Angular,error_x,error_y
0.05,0.3,0.0,0.0249760000000037,0.0249760000000037,2.8885642950003696,2.1389484050003755,-2.9984635599999745,0.9576214666668086,-0.27502399999999627,0.0249760000000037
0.1,0.3,0.0,0.03322600000000283,0.0249760000000037,0.3481546368750515,0.3096507631250461,-0.15401549500002182,0.12529626666668525,-0.2667739999999972,0.0249760000000037
0.15000000000000002,0.009010018408500242,-0.004152579160075874,0.041476000000002025,0.0249760000000037,0.3862325071705698,1.1874080555640352,3.204702193573861,0.29974105956849617,0.03246598159150178,0.029128579160079576
0.2,0.009010018408500242,-0.004152579160075874,0.049726000000001366,0.0249760000000037,0.3500436225401397,0.42687870132756583,0.30734031514970467,0.14798520454622963,0.040715981591501124,0.029128579160079576
0.25,0.009010018408500242,-0.004152579160075874,0.0579760000000009,0.0249760000000037,0.34927239840825897,0.42923180224887914,0.3198376153624806,0.14828651441088345,0.04896598159150066,0.029128579160079576
0.3,0.005382533999759298,-0.00407633304536099,0.06622600000000071,0.0249760000000037,0.3320370404574626,0.4255710661739796,0.37413610286606797,0.1443063060250366,0.06084346600024142,0.02905233304536469
0.35,0.005382533999759298,-0.00407633304536099,0.07447600000000087,0.0249760000000037,0.3422767738916392,0.4298789886659837,0.35040885909737807,0.14707728810621387,0.06909346600024158,0.02905233304536469
0.39999999999999997,0.005382533999759298,-0.00407633304536099,0.08272600000000141,0.0249760000000037,0.34135885067856964,0.43210315217292306,0.3629772059774139,0.1473260957812367,0.07734346600024211,0.02905233304536469
0.44999999999999996,0.005382533999759298,-0.00407633304536099,0.09097600000000222,0.0249760000000037,0.3404383782231933,0.43432992268748877,0.37556617785718205,0.14757491445917753,0.08559346600024292,0.02905233304536469
0.49999999999999994,0.004497494808464952,-0.00480284212770759,0.09922600000000315,0.0249760000000037,0.41246382177134844,0.5120483705788863,0.39833819523015135,0.17609756044766375,0.09472850519153819,0.02977884212771129
0.5499999999999999,0.004497494808464952,-0.00480284212770759,0.10747600000000404,0.0249760000000037,0.34908810099148496,0.4496190098725334,0.4021236355241938,0.15213468778362255,0.10297850519153909,0.02977884212771129
0.6,0.004497494808464952,-0.00480284212770759,0.11572600000000471,0.0249760000000037,0.348210023593415,0.45190419117439007,0.41477667032390014,0.15240270757482002,0.11122850519153976,0.02977884212771129
0.65,0.005962317882623469,-0.0053869676488885925,0.12397600000000508,0.0249760000000037,0.4086203523242257,0.5112681713832039,0.4105912762359128,0.17521686165855804,0.11801368211738161,0.03036296764889229
0.7000000000000001,0.005962317882623469,-0.0053869676488885925,0.13222600000000498,0.0249760000000037,0.3548992295287283,0.46438263419543857,0.4379336186668408,0.15605368832841274,0.1262636821173815,0.03036296764889229
0.7500000000000001,0.005962317882623469,-0.0053869676488885925,0.1404760000000045,0.0249760000000037,0.35404121412471273,0.4667024278911746,0.45064485506584756,0.15633212228874044,0.13451368211738102,0.03036296764889229
0.8000000000000002,0.005962317882623469,-0.0053869676488885925,0.1487260000000038,0.0249760000000037,0.3531807288207919,0.46902490793607954,0.4633767164611508,0.1566105974774993,0.14276368211738033,0.03036296764889229
0.8500000000000002,0.004283904480633927,-0.0061845539458029114,0.1569760000000031,0.0249760000000037,0.4274145151831611,0.551281184161283,0.4954666759124878,0.18641822844656078,0.1526920955193692,0.03116055394580661
0.9000000000000002,0.004283904480633927,-0.0061845539458029114,0.16522600000000254,0.0249760000000037,0.3588103788666949,0.4816752337354597,0.49145941947505906,0.16009249763850564,0.1609420955193686,0.03116055394580661
0.9500000000000003,0.004283904480633927,-0.0061845539458029114,0.17347600000000232,0.0249760000000037,0.35788549524764673,0.48394984634811894,0.5042574044018889,0.16034958887538395,0.1691920955193684,0.03116055394580661
1.0000000000000002,0.005943257023987236,-0.005368323319997038,0.18172600000000255,0.0249760000000037,0.27975615787612323,0.4042476459076126,0.49796595212595757,0.13028643881594967,0.17578274297601532,0.030344323320000737
1.0500000000000003,0.005943257023987236,-0.005368323319997038,0.18997600000000317,0.0249760000000037,0.3482972168706163,0.48014477481704765,0.5273902317857254,0.15779847460717408,0.18403274297601593,0.030344323320000737
1.1000000000000003,0.005943257023987236,-0.005368323319997038,0.19822600000000404,0.0249760000000037,0.34741307666892546,0.48247455093372676,0.5402458970592052,0.1580738338290766,0.1922827429760168,0.030344323320000737
1.1500000000000004,0.005943257023987236,-0.005368323319997038,0.206476000000005,0.0249760000000037,0.3465264530567139,0.48480699988917386,0.5531221873298396,0.15834922913255006,0.20053274297601775,0.030344323320000737
1.2000000000000004,0.006407453939467456,-0.0014996256639286313,0.21472600000000588,0.0249760000000037,-0.059762493655299856,0.08041507562318652,0.5607102771139455,0.003933825136740316,0.20831854606053843,0.026475625663932332
1.2500000000000004,0.006407453939467456,-0.0014996256639286313,0.22297600000000656,0.0249760000000037,0.2766763243452769,0.4212713002434294,0.57837990359261,0.1329424046835631,0.2165685460605391,0.026475625663932332
1.3000000000000005,0.006407453939467456,-0.0014996256639286313,0.23122600000000684,0.0249760000000037,0.27531319325708126,0.42314246493326413,0.5913170867047314,0.1330391729886372,0.2248185460605394,0.026475625663932332
1.3500000000000005,0.008553745570105242,-0.0014545486408870185,0.23947600000000677,0.0249760000000037,0.26647976504063886,0.4113889963924455,0.5796369254072266,0.1291178593205875,0.23092225442990152,0.026430548640890717
1.4000000000000006,0.008553745570105242,-0.0014545486408870185,0.24772600000000639,0.0249760000000037,0.2654380429868239,0.4189567009337039,0.61407463178752,0.13036090360391006,0.23917225442990114,0.026430548640890717
1.4500000000000006,0.008553745570105242,-0.0014545486408870185,0.2559760000000058,0.0249760000000037,0.2639167951466179,0.42068388267251045,0.6270683501035702,0.1304001291084054,0.24742225442990057,0.026430548640890717
1.5000000000000007,0.008553745570105242,-0.0014545486408870185,0.264226000000005,0.0249760000000037,0.26239221491288256,0.4224128882227498,0.640082693239469,0.13043906726392998,0.25567225442989977,0.026430548640890717
1.5500000000000007,0.006322558296196046,2.8205405366047483e-05,0.27247600000000416,0.0249760000000037,0.09467255238357529,0.2643616108901944,0.6787562340264764,0.06838745967119422,0.2661534417038081,0.024947794594637654
1.6000000000000008,0.006322558296196046,2.8205405366047483e-05,0.28072600000000325,0.0249760000000037,0.2266141691536621,0.39401414892021525,0.6695999190662125,0.11821491772835759,0.2744034417038072,0.024947794594637654
1.6500000000000008,0.006322558296196046,2.8205405366047483e-05,0.2889760000000024,0.0249760000000037,0.22479926374095321,0.3954696850488622,0.6826816852316359,0.11814646643615533,0.28265344170380635,0.024947794594637654
1.7000000000000008,0.005617107193502946,0.00037836792850526823,0.29722600000000166,0.0249760000000037,0.18715576194173528,0.3631228531849638,0.7038683649729142,0.10481497430984744,0.2916088928064987,0.024597632071498433
1.7500000000000009,0.005617107193502946,0.00037836792850526823,0.30547600000000114,0.0249760000000037,0.2172419119650502,0.39473202643356187,0.7099604578740466,0.11656646445687849,0.2998588928064982,0.024597632071498433
1.800000000000001,0.005617107193502946,0.00037836792850526823,0.31372600000000084,0.0249760000000037,0.21542425513384367,0.3962007198380054,0.723105858816647,0.11649999523273316,0.3081088928064979,0.024597632071498433
1.850000000000001,0.005577110536906071,0.0007401021788178029,0.3219760000000009,0.0249760000000037,0.17114379143425779,0.3553273755572946,0.7367343364921473,0.10028022228410521,0.3163988894630948,0.024235897821185896
1.900000000000001,0.005577110536906071,0.0007401021788178029,0.33022600000000135,0.0249760000000037,0.20092660384548666,0.3883133184159018,0.7495468582816605,0.11223617566883588,0.3246488894630953,0.024235897821185896
1.950000000000001,0.005577110536906071,0.0007401021788178029,0.3384760000000021,0.0249760000000037,0.19898291279894403,0.38967146332443175,0.762754202101951,0.11212464307111919,0.33289888946309604,0.024235897821185896
2.000000000000001,0.006482525250628035,9.019127073903285e-05,0.3467260000000031,0.0249760000000037,0.26876859776394324,0.4601671201113182,0.7655940893894998,0.13884489864290694,0.34024347474937505,0.02488580872926467
2.0500000000000007,0.006482525250628035,9.019127073903285e-05,0.354976000000004,0.0249760000000037,0.20840262547819005,0.40536571839653407,0.7878523716733762,0.11690825597613794,0.348493474749376,0.02488580872926467
2.1000000000000005,0.006482525250628035,9.019127073903285e-05,0.36322600000000477,0.0249760000000037,0.20653781151348122,0.4068176503278635,0.8011193552575292,0.11682961177930375,0.35674347474937673,0.02488580872926467
2.1500000000000004,0.006482525250628035,9.019127073903285e-05,0.37147600000000525,0.0249760000000037,0.20466925225428143,0.40827099310685266,0.8144069634102851,0.11675052292593031,0.3649934747493772,0.02488580872926467
2.2,0.006482525250628035,9.019127073903285e-05,0.3797260000000052,0.0249760000000037,0.20279694770059067,0.4097257467335016,0.8277151961316436,0.11667098941601757,0.3732434747493772,0.02488580872926467
2.25,0.00579105674209579,0.0002936861481845133,0.3879760000000048,0.0249760000000037,0.17527914909899633,0.38752878933992696,0.8489985609637226,0.10720151208360443,0.382184943257909,0.024682313851819185
2.3,0.00579105674209579,0.0002936861481845133,0.3962260000000041,0.0249760000000037,0.19242564511244636,0.4062879992446358,0.8554494165287578,0.11404069416325374,0.3904349432579083,0.024682313851819185
2.3499999999999996,0.00579105674209579,0.0002936861481845133,0.40447600000000333,0.0249760000000037,0.1904788037665316,0.40768411232389035,0.8688212342294349,0.11393579354103275,0.39868494325790754,0.024682313851819185
2.3999999999999995,0.00579105674209579,0.0002936861481845133,0.41272600000000265,0.0249760000000037,0.18852812684680567,0.40908154595415647,0.8822136764294031,0.11383041386684993,0.40693494325790686,0.024682313851819185
2.4499999999999993,0.004911036210677622,0.0012193498900086443,0.42097600000000224,0.0249760000000037,0.08229777517890714,0.3087231250072764,0.9057013993134769,0.07448017146403496,0.4160649637893246,0.023756650109995055
2.499999999999999,0.004911036210677622,0.0012193498900086443,0.4292260000000023,0.0249760000000037,0.16289152679476396,0.3904946768175097,0.9104126000909829,0.10540689592614735,0.42431496378932465,0.023756650109995055
2.549999999999999,0.005566249591815509,0.0008944348884092732,0.43747600000000275,0.0249760000000037,0.1920059904369424,0.4210999926629057,0.9163760089038532,0.11678209201901868,0.43190975040818724,0.024081565111594427
2.5999999999999988,0.005566249591815509,0.0008944348884092732,0.4457260000000035,0.0249760000000037,0.16011420146515584,0.39420812956277984,0.9363757123904961,0.105585205910083,0.440159750408188,0.024081565111594427
2.6499999999999986,0.005566249591815509,0.0008944348884092732,0.45397600000000443,0.0249760000000037,0.1579501884743864,0.3954181287105461,0.9498717609446387,0.1054034889876062,0.4484097504081889,0.024081565111594427
2.6999999999999984,0.005566249591815509,0.0008944348884092732,0.4622260000000053,0.0249760000000037,0.15578206345925844,0.3966291718976775,0.9633884337536763,0.10522118768703542,0.4566597504081898,0.024081565111594427
2.7499999999999982,0.006082677091282518,0.0011420003979932653,0.47047600000000606,0.0249760000000037,0.13486408218175017,0.3776002153785668,0.9709445327872664,0.09761224715434609,0.46439332290872354,0.023833999602010436
2.799999999999998,0.006082677091282518,0.0011420003979932653,0.4787260000000064,0.0249760000000037,0.153407847517967,0.40082907084191066,0.9896848932957746,0.10556893683045288,0.4726433229087239,0.023833999602010436
2.849999999999998,0.006082677091282518,0.0011420003979932653,0.4869760000000064,0.0249760000000037,0.15129187125342336,0.4021074144983935,1.0032621729798805,0.10540938776225083,0.4808933229087239,0.023833999602010436
2.8999999999999977,0.0053232053497290766,-0.0003900229962865904,0.4952260000000061,0.0249760000000037,0.3003453935423571,0.5567809409286563,1.0257421895451964,0.1632621589468597,0.48990279465027703,0.025366022996290292
2.9499999999999975,0.0053232053497290766,-0.0003900229962865904,0.5034760000000055,0.0249760000000037,0.1656898595172355,0.4236010368002313,1.0316447091319831,0.11224588501285082,0.4981527946502764,0.025366022996290292
2.9999999999999973,0.0053232053497290766,-0.0003900229962865904,0.5117260000000048,0.0249760000000037,0.1635777183055197,0.42489916435933117,1.0452857842152459,0.11209083479330492,0.5064027946502757,0.025366022996290292
3.049999999999997,0.0055742563439489246,0.0013264855475252973,0.5199760000000039,0.0249760000000037,-0.013409036434996302,0.25056715258981893,1.055904756099261,0.0451729745056805,0.514401743656055,0.023649514452478402
3.099999999999997,0.0055742563439489246,0.0013264855475252973,0.528226000000003,0.0249760000000037,0.13407246760971056,0.4021325091073068,1.072240165990385,0.10213428127943189,0.522651743656054,0.023649514452478402
3.149999999999997,0.0055742563439489246,0.0013264855475252973,0.5364760000000021,0.0249760000000037,0.1318757872300395,0.4033613963063531,1.0859424363052543,0.10194993972121764,0.5309017436560531,0.023649514452478402
3.1999999999999966,0.006743741932341063,0.0005074109033905605,0.5447260000000013,0.0249760000000037,0.22355741564395312,0.49512115542199386,1.086254959112163,0.1368911563935137,0.5379822580676602,0.02446858909661314
3.2499999999999964,0.006743741932341063,0.0005074109033905605,0.5529760000000006,0.0249760000000037,0.1476010403486888,0.42550837109658357,1.1116293229915792,0.10916369741814712,0.5462322580676595,0.02446858909661314
3.2999999999999963,0.006743741932341063,0.0005074109033905605,0.5612260000000002,0.0249760000000037,0.14552193137689567,0.42686958223974086,1.1253906034513808,0.10902695497459743,0.5544822580676592,0.02446858909661314
3.349999999999996,0.006743741932341063,0.0005074109033905605,0.5694760000000001,0.0249760000000037,0.14343890416657093,0.4282320312521877,1.1391725083424669,0.10888970198452544,0.562732258067659,0.02446858909661314
3.399999999999996,0.00568507186660866,0.0013266021833323546,0.5777260000000004,0.0249760000000037,0.047945551396416874,0.33922087062110295,1.1651012768987443,0.07374598514619425,0.5720409281333918,0.023649397816671344
3.4499999999999957,0.00568507186660866,0.0013266021833323546,0.585976000000001,0.0249760000000037,0.1194917266128375,0.411593843804548,1.168408468766842,0.10115915626997819,0.5802909281333923,0.023649397816671344
3.4999999999999956,0.00568507186660866,0.0013266021833323546,0.5942260000000019,0.0249760000000037,0.11727569908278596,0.4128394081491374,1.1822548362654057,0.10097430613941397,0.5885409281333933,0.023649397816671344
3.5499999999999954,0.005103633152959364,0.0010900574063517896,0.6024760000000028,0.0249760000000037,0.1309799485110108,0.4316930426214707,1.2028523764418395,0.10717580783475837,0.5973723668470434,0.02388594259365191
3.599999999999995,0.005103633152959364,0.0010900574063517896,0.6107260000000037,0.0249760000000037,0.10917019515035767,0.41189674755290906,1.2109062096102055,0.09925084622919365,0.6056223668470443,0.02388594259365191
3.649999999999995,0.005103633152959364,0.0010900574063517896,0.6189760000000042,0.0249760000000037,0.10687102227695666,0.41307499008351345,1.2248158712262271,0.0990373356877086,0.6138723668470448,0.02388594259365191
3.699999999999995,0.005103633152959364,0.0010900574063517896,0.6272260000000043,0.0249760000000037,0.10456766560452332,0.41425420486096776,1.2387461570257778,0.0988232134219983,0.6221223668470449,0.02388594259365191
3.7499999999999947,0.007033844341018558,0.0004479696994733433,0.635476000000004,0.0249760000000037,0.18813211858821932,0.49575764633153474,1.2305021109732617,0.1302647171275722,0.6284421556589854,0.024528030300530357
3.7999999999999945,0.007033844341018558,0.0004479696994733433,0.6437260000000034,0.0249760000000037,0.12619743837063607,0.442128278824189,1.2637233618142116,0.10825251756091905,0.6366921556589848,0.024528030300530357
3.8499999999999943,0.007033844341018558,0.0004479696994733433,0.6519760000000027,0.0249760000000037,0.12408691010300682,0.44351460770259016,1.2777107903983334,0.10811457482011372,0.644942155658984,0.024528030300530357
3.899999999999994,0.007033844341018558,0.0004479696994733433,0.660226000000002,0.0249760000000037,0.12197247869984085,0.44490218955646466,1.2917188434264952,0.10797612728691533,0.6531921556589835,0.024528030300530357
3.949999999999994,0.005592845802053936,0.0005254833980762076,0.6684760000000015,0.0249760000000037,0.09503508120312804,0.42562314321913647,1.3223522480640337,0.09917299512805038,0.6628831541979476,0.024450516601927492
3.999999999999994,0.005592845802053936,0.0005254833980762076,0.6767260000000014,0.0249760000000037,0.10242256123253118,0.43292312417253725,1.3220022517600243,0.10197060674382255,0.6711331541979475,0.024450516601927492
4.049999999999994,0.005592845802053936,0.0005254833980762076,0.6849760000000018,0.0249760000000037,0.10014635604099803,0.4341652856285207,1.3360757183500906,0.10177364603228928,0.6793831541979478,0.024450516601927492
4.099999999999993,0.005267066867699788,0.000515597121362297,0.6932260000000025,0.0249760000000037,0.09126964345259991,0.42975347672830655,1.3539353331028265,0.09924249908207741,0.6879589331323026,0.024460402878641402
4.149999999999993,0.005267066867699788,0.000515597121362297,0.7014760000000033,0.0249760000000037,0.08871619385523574,0.42991426153580825,1.3647922707222901,0.09878675340781791,0.6962089331323036,0.024460402878641402
4.199999999999993,0.006142545424028534,0.0014873016313257945,0.7097260000000043,0.0249760000000037,-0.000639464745023216,0.3415462514485583,1.3687428647743263,0.0649346260387686,0.7035834545759758,0.023488698368677906
4.249999999999993,0.006142545424028534,0.0014873016313257945,0.717976000000005,0.0249760000000037,0.08033964567893342,0.428273009415473,1.3917334549461584,0.09687860097036313,0.7118334545759766,0.023488698368677906
4.299999999999993,0.006142545424028534,0.0014873016313257945,0.7262260000000055,0.0249760000000037,0.07804079348551726,0.4295179578064491,1.4059086572837274,0.09667785738894596,0.7200834545759769,0.023488698368677906
4.3499999999999925,0.005031156945088433,0.0016085145491306113,0.7344760000000056,0.0249760000000037,0.05466040649314918,0.41288285076382447,1.4328897770827012,0.08905585852513784,0.7294448430549172,0.02336748545087309
4.399999999999992,0.005031156945088433,0.0016085145491306113,0.7427260000000053,0.0249760000000037,0.06514595515866942,0.4241475326951222,1.436006310145811,0.09319875959119839,0.7376948430549168,0.02336748545087309
4.449999999999992,0.005031156945088433,0.0016085145491306113,0.7509760000000049,0.0249760000000037,0.0627686072940441,0.4253301394007082,1.4502461284266563,0.09297118984661948,0.7459448430549165,0.02336748545087309
4.499999999999992,0.0047545027889884794,0.0011947179405258452,0.7592260000000041,0.0249760000000037,0.0921478414370141,0.45908634775809026,1.4677540252843047,0.10499698841811511,0.7544714972110156,0.023781282059477854
4.549999999999992,0.0047545027889884794,0.0011947179405258452,0.7674760000000032,0.0249760000000037,0.05405922769538546,0.423866612313114,1.4792295384709142,0.09103349333495228,0.7627214972110147,0.023781282059477854
4.599999999999992,0.0047545027889884794,0.0011947179405258452,0.7757260000000022,0.0249760000000037,0.05158829183894309,0.42497126126159906,1.493531877690624,0.09077324820962708,0.7709714972110138,0.023781282059477854
4.6499999999999915,0.005411413630513173,7.833354033655662e-05,0.7839760000000013,0.0249760000000037,0.16664958647552225,0.541752450910153,1.5004114577385228,0.13493372140679527,0.7785645863694881,0.024897666459667143
4.699999999999991,0.005411413630513173,7.833354033655662e-05,0.7922260000000005,0.0249760000000037,0.06520502720916777,0.44550952734113514,1.5212180005278695,0.09727896277148627,0.7868145863694873,0.024897666459667143
4.749999999999991,0.006671896197961158,0.00027920977425119255,0.8004759999999999,0.0249760000000037,0.053577949282770154,0.43383906826719043,1.521044475937681,0.09284133667618297,0.7938041038020387,0.024696790225752507
4.799999999999991,0.006671896197961158,0.00027920977425119255,0.8087259999999994,0.0249760000000037,0.06625568816475763,0.4532673128996186,1.5480464989394438,0.09895676210750022,0.8020541038020382,0.024696790225752507
4.849999999999991,0.006671896197961158,0.00027920977425119255,0.8169759999999993,0.0249760000000037,0.06389475571432959,0.4545065679429655,1.5624472489145436,0.09874310926805621,0.8103041038020381,0.024696790225752507
4.899999999999991,0.006671896197961158,0.00027920977425119255,0.8252259999999993,0.0249760000000037,0.061529668281001454,0.455746824056557,1.5768686231022222,0.09852885568334446,0.8185541038020382,0.024696790225752507
4.94999999999999,0.006354611325591619,0.0009188116405943417,0.833476,0.0249760000000037,-0.009429132147050323,0.38929617876109174,1.5949012436325682,0.07235562792648408,0.8271213886744084,0.024057188359409357
4.99999999999999,0.006354611325591619,0.0009188116405943417,0.8417260000000008,0.0249760000000037,0.044753513491085334,0.44631586263737155,1.606249396585145,0.09353702402446798,0.8353713886744092,0.024057188359409357
5.04999999999999,0.006354611325591619,0.0009188116405943417,0.8499760000000017,0.0249760000000037,0.042330118135826045,0.4475134695245684,1.6207334055549694,0.09330354050674179,0.8436213886744102,0.024057188359409357
5.09999999999999,0.006354611325591619,0.0009188116405943417,0.8582260000000026,0.0249760000000037,0.0399025226701516,0.4487120323430629,1.6352380386916452,0.0930694390501361,0.8518713886744109,0.024057188359409357
5.14999999999999,0.007674198457024606,0.001873246943828529,0.8664760000000032,0.0249760000000037,-0.07570922226318347,0.3329180525685346,1.634509099326872,0.04899215815340021,0.8588018015429786,0.023102753056175172
5.1999999999999895,0.007674198457024606,0.001873246943828529,0.8747260000000036,0.0249760000000037,0.00230035155120778,0.41788684710632756,1.6623459822204791,0.08003565688714959,0.8670518015429789,0.023102753056175172
5.249999999999989,0.007674198457024606,0.001873246943828529,0.8829760000000033,0.0249760000000037,-0.0003402199973889519,0.41888704240006325,1.676909049589809,0.07972320426717606,0.8753018015429788,0.023102753056175172
5.299999999999989,0.007674198457024606,0.001873246943828529,0.8912260000000027,0.0249760000000037,-0.002985246799289243,0.41988793841152194,1.6914927408432447,0.07941003649756813,0.8835518015429782,0.023102753056175172
5.349999999999989,0.005527956779932952,0.002452953525853992,0.899476000000002,0.0249760000000037,-0.08046566312928655,0.3522156917256929,1.7307254194199178,0.05176191020883931,0.893948043220069,0.022523046474149707
5.399999999999989,0.005527956779932952,0.002452953525853992,0.9077260000000013,0.0249760000000037,-0.02774013897505065,0.4032496419953542,1.7239591238816192,0.07152561962291495,0.9021980432200682,0.022523046474149707
5.449999999999989,0.005527956779932952,0.002452953525853992,0.9159760000000007,0.0249760000000037,-0.030506855754296014,0.40414563479779375,1.738609962208359,0.07116929124638052,0.9104480432200677,0.022523046474149707
5.4999999999999885,0.00568146832054528,0.0030747041733878177,0.9242260000000004,0.0249760000000037,-0.09115860769612416,0.34669941332099463,1.7514320840684752,0.04867443916664199,0.9185445316794552,0.02190129582661588
5.549999999999988,0.00568146832054528,0.0030747041733878177,0.9324760000000006,0.0249760000000037,-0.039858243761230816,0.4020733416735354,1.767726341739065,0.06899335198329612,0.9267945316794554,0.02190129582661588
5.599999999999988,0.00568146832054528,0.0030747041733878177,0.9407260000000013,0.0249760000000037,-0.04261620766889021,0.4029934623635526,1.7824386801297714,0.06864328660850713,0.935044531679456,0.02190129582661588
5.649999999999988,0.004173972523783154,0.002016145262820583,0.9489760000000022,0.0249760000000037,0.053990670894134174,0.5076530685793483,1.8146495907408564,0.10697975989971095,0.944802027476219,0.02295985473718312
5.699999999999988,0.004173972523783154,0.002016145262820583,0.957226000000003,0.0249760000000037,-0.03804037704263827,0.4155135587665789,1.8142157432368686,0.07189965366170298,0.9530520274762199,0.02295985473718312
5.749999999999988,0.004173972523783154,0.002016145262820583,0.9654760000000039,0.0249760000000037,-0.04081676945915691,0.4164316626090201,1.828993728272708,0.07154569393330727,0.9613020274762207,0.02295985473718312
5.799999999999987,0.0052379106736057945,0.002559891114523752,0.9737260000000044,0.0249760000000037,-0.09733757686152186,0.36053431074728315,1.83148755043522,0.05013271121633548,0.9684880893263986,0.022416108885479947
5.849999999999987,0.0052379106736057945,0.002559891114523752,0.9819760000000047,0.0249760000000037,-0.054951742070116605,0.4092991559768588,1.8570035921879016,0.06749474550604613,0.9767380893263989,0.022416108885479947
5.899999999999987,0.0052379106736057945,0.002559891114523752,0.9902260000000045,0.0249760000000037,-0.057767259960622874,0.4101929305057828,1.8718407618656228,0.06712869915145904,0.9849880893263987,0.022416108885479947
5.949999999999987,0.0052379106736057945,0.002559891114523752,0.998476000000004,0.0249760000000037,-0.06058737306355866,0.41108726575014765,1.8866985552548252,0.06676188432125504,0.9932380893263982,0.022416108885479947
5.999999999999987,0.004260309606818169,0.0016520950211172162,1.0067260000000033,0.0249760000000037,0.020313865088678162,0.49855061317849436,1.9129469923592648,0.09883132919374715,1.0024656903931852,0.023323904978886485
6.0499999999999865,0.004260309606818169,0.0016520950211172162,1.0149760000000025,0.0249760000000037,-0.059745646357529464,0.4197465679429947,1.9179688572020968,0.06857160411151719,1.0107156903931844,0.023323904978886485
6.099999999999986,0.004260309606818169,0.0016520950211172162,1.0232260000000015,0.0249760000000037,-0.06260012500114184,0.42062261427347347,1.9328909570984614,0.0681947598613965,1.0189656903931834,0.023323904978886485
6.149999999999986,0.004260309606818169,0.0016520950211172162,1.0314760000000007,0.0249760000000037,-0.06545925398422328,0.42149916617450345,1.9478336806349068,0.06781712613148193,1.0272156903931826,0.023323904978886485
6.199999999999986,0.005495777056599371,0.0015728153457382423,1.0397259999999997,0.0249760000000037,-0.05957396515321836,0.4275761577892043,1.9486004917696906,0.07009565574018779,1.0342302229434004,0.02340318465426546
6.249999999999986,0.005495777056599371,0.0015728153457382423,1.0479759999999991,0.0249760000000037,-0.07219504914721406,0.42178644648597796,1.975925982532768,0.06658883758833598,1.0424802229433998,0.02340318465426546
6.299999999999986,0.005495777056599371,0.0015728153457382423,1.0562259999999986,0.0249760000000037,-0.07508442087775666,0.42264744772713003,1.9909274744195469,0.06620248130464255,1.0507302229433992,0.02340318465426546
6.349999999999985,0.005695323484249171,0.0019121165279192827,1.0644759999999982,0.0249760000000037,-0.10556754453223288,0.395333333036833,2.0036035102762635,0.055193483524685734,1.058780676515749,0.023063883472084417
6.399999999999985,0.005695323484249171,0.0019121165279192827,1.0727259999999983,0.0249760000000037,-0.07919252379733893,0.42597732551332185,2.020679397242643,0.0660542479459015,1.0670306765157491,0.023063883472084417
6.449999999999985,0.005695323484249171,0.0019121165279192827,1.0809759999999986,0.0249760000000037,-0.08205789222313037,0.4268776804707291,2.035742290775438,0.06567995966620928,1.0752806765157494,0.023063883472084417
6.499999999999985,0.005695323484249171,0.0019121165279192827,1.0892259999999994,0.0249760000000037,-0.08492787465206597,0.4277785773468309,2.0508258079955874,0.06530489575138379,1.0835306765157502,0.023063883472084417
6.549999999999985,0.005695323484249171,0.0019121165279192827,1.0974760000000003,0.0249760000000037,-0.0878024710841448,0.42868001614162704,2.0659299489030873,0.0649290562014252,1.0917806765157512,0.023063883472084417
6.5999999999999845,0.005677932664589047,0.001314068196121768,1.1057260000000013,0.0249760000000037,-0.041718691860626544,0.4786183205493873,2.0813480496400554,0.08321897689309729,1.1000480673354123,0.02366193180388193
6.649999999999984,0.005677932664589047,0.001314068196121768,1.113976000000002,0.0249760000000037,-0.09694750446812853,0.42711459355139025,2.096248392078075,0.0628889693491927,1.108298067335413,0.02366193180388193
6.699999999999984,0.005677932664589047,0.001314068196121768,1.1222260000000024,0.0249760000000037,-0.09990424520687474,0.42794935301326814,2.1114143928805715,0.062484782439313026,1.1165480673354133,0.02366193180388193
6.749999999999984,0.005677932664589047,0.001314068196121768,1.1304760000000025,0.0249760000000037,-0.10286571059665264,0.4287845437093091,2.1266010172238468,0.06207977773574408,1.1247980673354134,0.02366193180388193
6.799999999999984,0.005677932664589047,0.001314068196121768,1.138726000000002,0.0249760000000037,-0.10583190063746106,0.4296201656395131,2.1418082651078967,0.0616739552384861,1.1330480673354129,0.02366193180388193
6.849999999999984,0.005677932664589047,0.001314068196121768,1.1469760000000013,0.0249760000000037,-0.10880281532930325,0.4304562188038804,2.1570361365327346,0.06126731494753851,1.1412980673354123,0.02366193180388193
6.8999999999999835,0.006762971176644317,0.0014993558022349295,1.1552260000000005,0.0249760000000037,-0.11856800524564293,0.42137487381867067,2.1597715162572544,0.05767749877581481,1.1484630288233562,0.02347664419776877
6.949999999999983,0.006762971176644317,0.0014993558022349295,1.163476,0.0249760000000037,-0.10771962919923442,0.4387575732381137,2.1859088097493924,0.06305484648359605,1.1567130288233556,0.02347664419776877
6.999999999999983,0.006762971176644317,0.0014993558022349295,1.1717259999999996,0.0249760000000037,-0.11064449139995328,0.4396544812921994,2.2011958907686107,0.06266856950328498,1.1649630288233552,0.02347664419776877
7.049999999999983,0.006762971176644317,0.0014993558022349295,1.1799759999999995,0.0249760000000037,-0.11357399237710489,0.44055190648365583,2.2165035954430428,0.06228150744886684,1.173213028823355,0.02347664419776877
7.099999999999983,0.008958130017051924,0.0009505134172973001,1.188226,0.0249760000000037,-0.06717500347627231,0.48449262966060574,2.206670532547512,0.07948907165415875,1.1792678699829482,0.0240254865827064
7.149999999999983,0.008958130017051924,0.0009505134172973001,1.1964760000000008,0.0249760000000037,-0.12324519970082523,0.43772929564222496,2.243897981372201,0.059901732560266624,1.187517869982949,0.0240254865827064
7.199999999999982,0.008958130017051924,0.0009505134172973001,1.2047260000000017,0.0249760000000037,-0.12625593203900923,0.4385595712695264,2.2592620132341423,0.05948640747247945,1.1957678699829497,0.0240254865827064
7.249999999999982,0.008958130017051924,0.0009505134172973001,1.2129760000000025,0.0249760000000037,-0.12927141127527778,0.43939025587633496,2.274646668606451,0.059070256114487074,1.2040178699829505,0.0240254865827064
7.299999999999982,0.0073870856998699,-0.0011453589035665332,1.2212260000000033,0.0249760000000037,0.07788882809413278,0.6549898792938361,2.3084042047988134,0.13959594426437502,1.2138389143001334,0.026121358903570233
7.349999999999982,0.0073870856998699,-0.0011453589035665332,1.2294760000000036,0.0249760000000037,-0.10482074574152961,0.47214836974736357,2.3078764619555727,0.06996716647730171,1.2220889143001337,0.026121358903570233
7.399999999999982,0.0073870856998699,-0.0011453589035665332,1.2377260000000034,0.0249760000000037,-0.10778246414881115,0.47304928547146846,2.3233269984811185,0.0695746326328871,1.2303389143001335,0.026121358903570233
7.4499999999999815,0.0073870856998699,-0.0011453589035665332,1.245976000000003,0.0249760000000037,-0.11074889866268522,0.4739506409770746,2.3387981585590394,0.06918128425035988,1.2385889143001332,0.026121358903570233
7.499999999999981,0.006467079213228755,-0.0004984387106404349,1.2542260000000025,0.0249760000000037,-0.18507308646700335,0.40612336244550684,2.364785795650041,0.04210481447209591,1.2477589207867736,0.025474438710644136
7.549999999999981,0.006467079213228755,-0.0004984387106404349,1.2624760000000017,0.0249760000000037,-0.12937850463216577,0.46341622238580754,2.3711789080718932,0.06362623195307462,1.256008920786773,0.025474438710644136
7.599999999999981,0.006467079213228755,-0.0004984387106404349,1.270726000000001,0.0249760000000037,-0.13239897251273638,0.46427957671318265,2.386714196903676,0.06321535318103738,1.264258920786772,0.025474438710644136
7.649999999999981,0.006467079213228755,-0.0004984387106404349,1.2789760000000001,0.0249760000000037,-0.13542418996640254,0.4651433373441381,2.4022701092421626,0.06280364711956868,1.2725089207867715,0.025474438710644136
7.699999999999981,0.006976212252338021,-0.0006226623300337008,1.287225999999999,0.0249760000000037,-0.11398615114531949,0.48901321979826773,2.411997483774349,0.07143372736246634,1.280249787747661,0.0255986623300374
7.7499999999999805,0.006976212252338021,-0.0006226623300337008,1.2954759999999983,0.0249760000000037,-0.1289662958602628,0.4792012299081009,2.4326701030734545,0.06671141600911201,1.2884997877476603,0.0255986623300374
7.79999999999998,0.00633933639829054,-0.0014125684925798227,1.3037259999999977,0.0249760000000037,-0.05299346361988688,0.5609353160077871,2.455715118510696,0.09675082902626671,1.2973866636017073,0.026388568492583524
7.84999999999998,0.00633933639829054,-0.0014125684925798227,1.3119759999999974,0.0249760000000037,-0.12360704473641193,0.4926166875153899,2.4648949290072073,0.07028755100551962,1.3056366636017067,0.026388568492583524
7.89999999999998,0.00633933639829054,-0.0014125684925798227,1.3202259999999975,0.0249760000000037,-0.12656007206285674,0.49357852075165604,2.480554371258051,0.06990827594072367,1.313886663601707,0.026388568492583524
7.94999999999998,0.00633933639829054,-0.0014125684925798227,1.3284759999999978,0.0249760000000037,-0.1295177488496621,0.49454086043786666,2.496234437150115,0.06952821173108659,1.3221366636017073,0.026388568492583524
7.99999999999998,0.006224972071541435,-0.0012056240815364401,1.3367259999999983,0.0249760000000037,-0.15311049841605529,0.47519519744750627,2.513222783454246,0.06134946648218114,1.3305010279284568,0.02618162408154014
8.04999999999998,0.006224972071541435,-0.0012056240815364401,1.3449759999999993,0.0249760000000037,-0.1377179310211474,0.49423819870517394,2.5278245189052853,0.06790862241600505,1.3387510279284578,0.02618162408154014
8.09999999999998,0.006224972071541435,-0.0012056240815364401,1.3532260000000003,0.0249760000000037,-0.14069108014604162,0.49520060441307723,2.5435667382364753,0.06752562366991154,1.3470010279284588,0.02618162408154014
8.14999999999998,0.006022836136960974,-0.001464965818263771,1.361476000000001,0.0249760000000037,-0.11781584396930006,0.5226062516535834,2.5616883824915337,0.07710293479700635,1.35545316386304,0.02644096581826747
8.199999999999982,0.006022836136960974,-0.001464965818263771,1.3697260000000018,0.0249760000000037,-0.14302314610284464,0.5008322184095535,2.5754214580495924,0.06815410901080168,1.3637031638630408,0.02644096581826747
8.249999999999982,0.006022836136960974,-0.001464965818263771,1.377976000000002,0.0249760000000037,-0.14600294177953,0.5018035738437767,2.591226062493227,0.06777154896461843,1.3719531638630411,0.02644096581826747
8.299999999999983,0.006022836136960974,-0.001464965818263771,1.386226000000002,0.0249760000000037,-0.14898738063990713,0.5027754420066718,2.6070512905863157,0.06738820216509803,1.380203163863041,0.02644096581826747
8.349999999999984,0.00692509221150428,-0.0026516324879805853,1.3944760000000014,0.0249760000000037,-0.042131958540219505,0.6110413151453027,2.612693094742089,0.10836368697239682,1.387550907788497,0.027627632487984284
8.399999999999984,0.00692509221150428,-0.0026516324879805853,1.4027260000000008,0.0249760000000037,-0.15105187734018244,0.5083074300619395,2.6374372296084876,0.0680486767089061,1.3958009077884965,0.027627632487984284
8.449999999999985,0.00692509221150428,-0.0026516324879805853,1.4109760000000002,0.0249760000000037,-0.1540961084388776,0.5092344031355585,2.6533220462977445,0.06764538946603446,1.404050907788496,0.027627632487984284
8.499999999999986,0.00795199615635317,-0.0023105475207474144,1.4192259999999999,0.0249760000000037,-0.18384810675829405,0.4804933717677999,2.6573659141043757,0.05650386000181063,1.4112740038436467,0.027286547520751114
8.549999999999986,0.00795199615635317,-0.0023105475207474144,1.427476,0.0249760000000037,-0.15938104272414844,0.5115184183583562,2.6835978443300186,0.06707378583508719,1.4195240038436467,0.027286547520751114
8.599999999999987,0.00795199615635317,-0.0023105475207474144,1.4357260000000005,0.0249760000000037,-0.16241693169951013,0.5124685632521366,2.699541979806587,0.06667650124811933,1.4277740038436473,0.027286547520751114
8.649999999999988,0.00795199615635317,-0.0023105475207474144,1.4439760000000013,0.0249760000000037,-0.16545751969465605,0.5134191650199872,2.715506738858573,0.0662784086333964,1.436024003843648,0.027286547520751114
8.699999999999989,0.007738719155825302,-0.0022905212969545996,1.4522260000000022,0.0249760000000037,-0.16871892317608056,0.5147662087741633,2.733940527800976,0.06591376868534911,1.4444872808441769,0.0272665212969583
8.74999999999999,0.007738719155825302,-0.0022905212969545996,1.4604760000000034,0.0249760000000037,-0.16951970990165877,0.5174344868822179,2.747816787135507,0.06626948132963031,1.452737280844178,0.0272665212969583
8.79999999999999,0.007738719155825302,-0.0022905212969545996,1.4687260000000042,0.0249760000000037,-0.17256113457543726,0.5183998557372445,2.7638439612507266,0.0658740421260585,1.4609872808441788,0.0272665212969583
8.84999999999999,0.007738719155825302,-0.0022905212969545996,1.4769760000000047,0.0249760000000037,-0.17560724048687537,0.5193656992544144,2.7798917589651593,0.06547780167000744,1.4692372808441794,0.0272665212969583
8.899999999999991,0.0063067474332308415,-0.0017096401982023071,1.485226000000005,0.0249760000000037,-0.25094694165082365,0.45214240852000553,2.8123574006833167,0.03832294607032037,1.4789192525667743,0.026685640198206007
8.949999999999992,0.0063067474332308415,-0.0017096401982023071,1.493476000000005,0.0249760000000037,-0.19995752936285624,0.5035928120316889,2.814201365578181,0.05783529193692052,1.4871692525667741,0.026685640198206007
8.999999999999993,0.0063067474332308415,-0.0017096401982023071,1.5017260000000046,0.0249760000000037,-0.2030890543177371,0.5044895821317414,2.8303145457979144,0.05740962434552464,1.4954192525667738,0.026685640198206007
9.049999999999994,0.004786648152840078,-0.0018188500110564634,1.509976000000004,0.0249760000000037,-0.2118153886784312,0.5041735858076668,2.863955897944392,0.05568727564366393,1.505189351847164,0.02679485001106016
9.099999999999994,0.004786648152840078,-0.0018188500110564634,1.5182260000000032,0.0249760000000037,-0.2210077707176521,0.4952173659765796,2.864900546776927,0.05223039909693857,1.5134393518471632,0.02679485001106016
9.149999999999995,0.004786648152840078,-0.0018188500110564634,1.5264760000000024,0.0249760000000037,-0.22422291825041293,0.4960469153834024,2.8810793345352614,0.05177599945390276,1.5216893518471624,0.02679485001106016
9.199999999999996,0.004786648152840078,-0.0018188500110564634,1.5347260000000016,0.0249760000000037,-0.2274429114036473,0.4968767750126643,2.8972787456652465,0.05132073592552705,1.5299393518471616,0.02679485001106016
9.249999999999996,0.005868849195174941,-0.002512118457651418,1.542976000000001,0.0249760000000037,-0.1396686895252191,0.5856148897747957,2.9011343172000594,0.08494213338087174,1.5371071508048262,0.027488118457655118
9.299999999999997,0.005868849195174941,-0.002512118457651418,1.5512260000000004,0.0249760000000037,-0.20590075856288279,0.5261271225418461,2.9281115244189158,0.06099549790075493,1.5453571508048256,0.027488118457655118
9.349999999999998,0.005868849195174941,-0.002512118457651418,1.5594760000000003,0.0249760000000037,-0.2090168616869925,0.5270756922500467,2.944370215748157,0.060582634392962714,1.5536071508048255,0.027488118457655118
9.399999999999999,0.008032132863239894,-0.0031119768556446725,1.5677260000000002,0.0249760000000037,-0.17018455909202998,0.5637834943602972,2.9358722138093087,0.07497122576538423,1.5596938671367604,0.028087976855648372
9.45,0.008032132863239894,-0.0031119768556446725,1.5759760000000005,0.0249760000000037,-0.23102652335029947,0.5124037355643064,2.9737210356584236,0.05359565946933466,1.5679438671367607,0.028087976855648372
9.5,0.008032132863239894,-0.0031119768556446725,1.5842260000000012,0.0249760000000037,-0.2342762885642798,0.5132327326910033,2.9900360850211323,0.05313456078604257,1.5761938671367615,0.028087976855648372
9.55,0.008032132863239894,-0.0031119768556446725,1.5924760000000022,0.0249760000000037,-0.23753093843630602,0.5140620009884252,3.006371757698925,0.05267258334326081,1.5844438671367622,0.028087976855648372
9.600000000000001,0.006517073185950406,-0.0033740252552488135,1.6007260000000034,0.0249760000000037,-0.19564837419963033,0.5643954055216633,3.0401751188851747,0.07023752977562533,1.5942089268140531,0.028350025255252514
9.650000000000002,0.006517073185950406,-0.0033740252552488135,1.6089760000000044,0.0249760000000037,-0.21823423477718118,0.542109562134514,3.0413751876467807,0.061690538544253874,1.6024589268140539,0.028350025255252514
9.700000000000003,0.006517073185950406,-0.0033740252552488135,1.6172260000000052,0.0249760000000037,-0.221375177308994,0.5430689825340134,3.0577766393720296,0.061275010519051314,1.6107089268140546,0.028350025255252514
9.750000000000004,0.00664253028375239,-0.0029225090446675832,1.6254760000000055,0.0249760000000037,-0.2728238166703655,0.49535002562037544,3.0726953691629637,0.042385944561906655,1.618833469716253,0.027898509044671282
9.800000000000004,0.00664253028375239,-0.0029225090446675832,1.6337260000000053,0.024976000000003697,-0.23679211956192947,0.5358195227716815,3.090446569334444,0.05695760061138135,1.6270834697162528,0.02789850904467128
9.850000000000005,0.00664253028375239,-0.0029225090446675832,1.641976000000005,0.024976000000003697,-0.23997420097536631,0.5367531863761721,3.106909549406154,0.056529330552534444,1.6353334697162527,0.02789850904467128
9.900000000000006,0.007658136260371595,-0.0038942002656290366,1.6502260000000044,0.024976000000003693,-0.13586631163008955,0.6420935400699019,3.111839406799966,0.0964242339885357,1.6425678637396328,0.02887020026563273
9.950000000000006,0.007658136260371595,-0.0038942002656290366,1.6584760000000038,0.024976000000003693,-0.22631969555967857,0.5582757925817252,3.138381952565615,0.06322973276610412,1.6508178637396322,0.02887020026563273
10.000000000000007,0.007658136260371595,-0.0038942002656290366,1.6667260000000035,0.024976000000003697,-0.22945793834162154,0.5592681428694515,3.154904324844292,0.06282099133863428,1.6590678637396319,0.028870200265632733
10.050000000000008,0.0070570435108993634,-0.0018976763234108641,1.6749760000000034,0.0249760000000037,-0.4518276894299146,0.34269405672967,3.1780869846383384,-0.020787358609570393,1.667918956489104,0.026873676323414565
10.100000000000009,0.0070570435108993634,-0.0018976763234108641,1.6832260000000039,0.024976000000003707,-0.2790520928629424,0.5181701341699202,3.1888889081314504,0.04554629358228148,1.6761689564891045,0.026873676323414572
10.15000000000001,0.0070570435108993634,-0.0018976763234108641,1.6914760000000046,0.024976000000003714,-0.28233588195847753,0.5190327466788001,3.20547451454911,0.045085117089585236,1.6844189564891052,0.02687367632341458
10.20000000000001,0.007356438970981927,-0.0030074918933874883,1.6997260000000056,0.02497600000000372,-0.15884612991218192,0.645849291705959,3.2187816864725636,0.09276250700833849,1.6923695610290237,0.027983491893391207
10.25000000000001,0.007356438970981927,-0.0030074918933874883,1.7079760000000066,0.02497600000000372,-0.25981230223988433,0.5497551337989814,3.238269744155463,0.05522720601125658,1.7006195610290247,0.027983491893391207
10.300000000000011,0.007356438970981927,-0.0030074918933874883,1.7162260000000076,0.024976000000003717,-0.26301213196627926,0.5507170114979671,3.2549165738569856,0.05480092943460721,1.7088695610290257,0.027983491893391207
10.350000000000012,0.0072653477029299696,-0.0031495303219152043,1.7244760000000083,0.0249760000000037,-0.24843714804493122,0.5697250481874444,3.2726487849295025,0.06119769526524061,1.7172106522970783,0.028125530321918904
10.400000000000013,0.0072653477029299696,-0.0031495303219152043,1.7327260000000089,0.024976000000003676,-0.2638422424100416,0.5582601489066843,3.2884095652669036,0.05607960123745575,1.725460652297079,0.02812553032191888
10.450000000000014,0.0072653477029299696,-0.0031495303219152043,1.7409760000000087,0.024976000000003648,-0.2670341599401642,0.5592454685805848,3.305118514082996,0.05565929688388964,1.7337106522970789,0.028125530321918852
10.500000000000014,0.007093482027643538,-0.0026931636264396794,1.7492260000000086,0.024976000000003627,-0.2853991822449393,0.5455380925088547,3.323749099015176,0.04955026862169816,1.742132517972365,0.027669163626443307
10.550000000000015,0.007093482027643538,-0.0026931636264396794,1.757476000000008,0.02497600000000362,-0.24815418720445398,0.5865533191191783,3.338830025294529,0.06445697750756653,1.7503825179723644,0.0276691636264433
10.600000000000016,0.007093482027643538,-0.0026931636264396794,1.7657260000000072,0.024976000000003638,-0.25121285876727284,0.587687488406248,3.355601388694083,0.06409040564551909,1.7586325179723636,0.027669163626443317
10.650000000000016,0.006608876480473258,-0.0014229054730632105,1.7739760000000064,0.02497600000000369,-0.4178890990076348,0.4265644159434635,3.3778140598043933,0.00165244132111022,1.7673671235195332,0.0263989054730669
10.700000000000017,0.006608876480473258,-0.0014229054730632105,1.7822260000000056,0.02497600000000378,-0.30892771514324413,0.5385554163655337,3.3899325260351114,0.04373860975662659,1.7756171235195324,0.02639890547306699
10.750000000000018,0.006608876480473258,-0.0014229054730632105,1.7904760000000046,0.024976000000003884,-0.3122002424858711,0.5394914559553208,3.4067667937647674,0.04329356447037137,1.7838671235195314,0.026398905473067093
10.800000000000018,0.006608876480473258,-0.0014229054730632105,1.798726000000004,0.024976000000003967,-0.31547748649225327,0.5404279347692597,3.4236216850460517,0.0428477044337155,1.7921171235195308,0.026398905473067176
10.85000000000002,0.006608876480473258,-0.0014229054730632105,1.8069760000000035,0.024976000000004,-0.318759447162388,0.5413648528073499,3.4404971998789518,0.04240102964665942,1.8003671235195302,0.02639890547306721
10.90000000000002,0.006608876480473258,-0.0014229054730632105,1.8152260000000036,0.024976000000003936,-0.32204612449628023,0.5423022100695898,3.45739333826348,0.04195354010920182,1.8086171235195303,0.026398905473067148
10.95000000000002,0.00594381669794819,-0.0025151706188373184,1.8234760000000039,0.02497600000000375,-0.19496495793001856,0.6755573444272931,3.4820892094292466,0.09154140695186182,1.8175321833020557,0.027491170618841067
11.000000000000021,0.00594381669794819,-0.0025151706188373184,1.8317260000000049,0.02497600000000342,-0.292203131279849,0.5808610472850237,3.492256714259491,0.05498246019146186,1.8257821833020567,0.027491170618840738
11.050000000000022,0.00594381669794819,-0.0025151706188373184,1.839976000000006,0.02497600000000303,-0.29537227385622017,0.5819318536727294,3.509216510115798,0.0545827771079065,1.8340321833020579,0.02749117061884035
11.100000000000023,0.008902868181893786,-0.0018904048434238538,1.8482260000000075,0.02497600000000271,-0.36425172287412977,0.5087696855267699,3.492085633603599,0.027527230981455278,1.8393231318181136,0.026866404843426565
11.150000000000023,0.008902868181893786,-0.0018904048434238538,1.8564760000000087,0.02497600000000259,-0.3195046098215676,0.5651802411936913,3.5387394040610354,0.04679535835659499,1.8475731318181148,0.026866404843426443
11.200000000000024,0.008902868181893786,-0.0018904048434238538,1.8647260000000092,0.024976000000002795,-0.3227502177497509,0.566188185748222,3.5557536139918917,0.046369136761613555,1.8558231318181155,0.026866404843426648
11.250000000000025,0.0042642621042842666,-0.0008623665748156185,1.872976000000009,0.024976000000003457,-0.44085834691729925,0.46564288783349744,3.6260049390031868,0.004720864936418702,1.8687117378957248,0.025838366574819076
11.300000000000026,0.0042642621042842666,-0.0008623665748156185,1.881226000000008,0.024976000000004658,-0.34376027872586545,0.5554413669463801,3.5968065826889823,0.04032020728009804,1.8769617378957237,0.025838366574820276
11.350000000000026,0.0042642621042842666,-0.0008623665748156185,1.8894760000000064,0.02497600000000611,-0.34704205911334585,0.5564314989765596,3.613894232359622,0.03988370283108835,1.885211737895722,0.02583836657482173
11.400000000000027,0.0009084753564167491,-0.0006589115108770315,1.8977260000000047,0.024976000000007333,-0.36860236087624876,0.5487901028415326,3.6695698548711255,0.03432147466005406,1.8968175246435879,0.025634911510884366
11.450000000000028,0.0009084753564167491,-0.0006589115108770315,1.9059760000000034,0.024976000000007846,-0.3465955098044726,0.5666979832646172,3.653173972276359,0.041924280659075164,1.9050675246435866,0.02563491151088488
11.500000000000028,0.0009084753564167491,-0.0006589115108770315,1.9142260000000038,0.024976000000007166,-0.34984665490513056,0.5677363250588281,3.6703319198558346,0.041502794314989995,1.913317524643587,0.0256349115108842
11.55000000000003,0.0075738264368634955,-0.004110279780013741,1.922476000000006,0.024976000000004817,0.021573997285793067,0.9243915814896921,3.611270336815596,0.18018391976675907,1.9149021735631426,0.029086279780018556
11.60000000000003,0.0075738264368634955,-0.004110279780013741,1.9307260000000106,0.02497600000000044,-0.2981049620417116,0.6255777128057414,3.694730699389812,0.0623757620502914,1.9231521735631472,0.029086279780014178
11.65000000000003,0.0075738264368634955,-0.004110279780013741,1.9389760000000167,0.024975999999995026,-0.30124137300797427,0.6267421243532972,3.711933989445086,0.06200014311339486,1.9314021735631532,0.029086279780008766
11.700000000000031,0.003518630285027302,-0.0020274542554877266,1.9472260000000223,0.024975999999990357,-0.5628446366050505,0.3810384465977217,3.7755323328110886,-0.03462975047758642,1.943707369714995,0.027003454255478083
11.750000000000032,0.003518630285027302,-0.0020274542554877266,1.9554760000000253,0.024975999999988233,-0.3747037320912252,0.5634179078021457,3.7524865595734838,0.03594555727827059,1.951957369714998,0.02700345425547596
11.800000000000033,0.003518630285027302,-0.0020274542554877266,1.963726000000024,0.024975999999990447,-0.3780783102969738,0.5643621026198374,3.769761651667245,0.03548262710911688,1.9602073697149969,0.027003454255478173
11.850000000000033,0.005618418962225313,-0.0019251843218854431,1.9719760000000166,0.024975999999998794,-0.370213798537484,0.5705079773329217,3.762887103481623,0.03815127215151195,1.9663575810377913,0.026901184321884236
11.900000000000034,0.005618418962225313,-0.0019251843218854431,1.9802260000000012,0.024976000000014705,-0.36930905356316385,0.5809925676784502,3.801206484966456,0.04032066935529263,1.974607581037776,0.026901184321900147
11.950000000000035,0.005618418962225313,-0.0019251843218854431,1.9884759999999813,0.024976000000034863,-0.37262522315024554,0.5820093421869453,3.8185382613487637,0.039882689340323775,1.982857581037756,0.026901184321920305
12.000000000000036,0.004483441849259973,-0.0005179455021577101,1.9967259999999631,0.02497600000005264,-0.5397164092759166,0.42247263193570667,3.8487561648464927,-0.02233214806480188,1.992242558150703,0.02549394550221035
12.050000000000036,0.004483441849259973,-0.0005179455021577101,2.0049759999999544,0.024976000000061335,-0.4174432575715847,0.5462948106005165,3.854952272688405,0.024543152957891796,2.0004925581506945,0.025493945502219045
12.100000000000037,0.004483441849259973,-0.0005179455021577101,2.013225999999961,0.024976000000054246,-0.42089168257419024,0.5471954765894488,3.872348636654556,0.024057865526715908,2.008742558150701,0.025493945502211957
12.150000000000038,0.004706439644701799,-0.0019449172371090134,2.0214759999999896,0.024976000000024673,-0.2239015470837018,0.7479369660832955,3.8873540526679893,0.09981627028563689,2.016769560355288,0.026920917237133687
12.200000000000038,0.004706439644701799,-0.0019449172371090134,2.0297260000000468,0.024975999999966927,-0.3523918136536821,0.6243264686173146,3.9068731290839867,0.05179707713592999,2.025019560355345,0.02692091723707594
12.250000000000039,0.004706439644701799,-0.0019449172371090134,2.037976000000121,0.024975999999891956,-0.3555705103623925,0.625512254959152,3.924331061286178,0.05141747516128752,2.033269560355419,0.02692091723700097
12.30000000000004,0.0025231549684428534,-0.0016556432492506662,2.0462260000001877,0.02497599999982436,-0.4461760322112633,0.5455490239106738,3.9669002244877483,0.018928188895125816,2.0437028450317447,0.026631643249075028
12.35000000000004,0.0025231549684428534,-0.0016556432492506662,2.0544760000002222,0.02497599999978915,-0.41929655896846657,0.5713553878122145,3.962607787122724,0.02896358644642817,2.051952845031779,0.026631643249039817
12.400000000000041,0.0025231549684428534,-0.0016556432492506662,2.0627260000002,0.024975999999811323,-0.42272976021660547,0.5723034511219863,3.980132845354367,0.02849022683912017,2.060202845031757,0.02663164324906199
12.450000000000042,0.0037888571771907964,-0.0040877285499929155,2.0709760000000954,0.02497599999991589,-0.10471887691511017,0.8911231204312176,3.983367989385311,0.14979128447925855,2.0671871428229047,0.029063728549908803
12.500000000000043,0.0037888571771907964,-0.0040877285499929155,2.0792259999998866,0.024976000000125155,-0.32321857922774133,0.6801188225749633,4.013349607210818,0.06798099873280418,2.075437142822696,0.02906372855011807
12.550000000000043,0.0037888571771907964,-0.0040877285499929155,2.087475999999609,0.02497600000040362,-0.3262881563831741,0.6814452668828346,4.030933693064035,0.06764897342850676,2.083687142822418,0.029063728550396534
12.600000000000044,0.004350517208732585,-0.0019863636079517776,2.0957259999993534,0.02497600000066021,-0.6126977099464366,0.397758454928135,4.041824659498286,-0.040940810479676494,2.091375482790621,0.026962363608611987
12.650000000000045,0.004350517208732585,-0.0019863636079517776,2.103975999999213,0.024976000000801607,-0.43360091125338507,0.5827275545655387,4.065313863275695,0.028405074916600683,2.09962548279048,0.026962363608753384
12.700000000000045,0.004350517208732585,-0.0019863636079517776,2.1122259999992807,0.02497600000073449,-0.4370488948822494,0.5836906324650138,4.082958109389053,0.02793175953957419,2.107875482790548,0.026962363608686268
12.750000000000046,0.0070728717145109865,-0.0031741788360647367,2.1204759999996505,0.02497600000036554,-0.2882840626432432,0.7290800450133643,4.06945643062643,0.0839611394990707,2.1134031282851398,0.028150178836430277
12.800000000000047,0.0070728717145109865,-0.0031741788360647367,2.128726000000408,0.024975999999608346,-0.40157271424758284,0.626983449456994,4.114224654818307,0.042935378135125934,2.121653128285897,0.028150178835673084
12.850000000000048,0.0070728717145109865,-0.0031741788360647367,2.136976000001441,0.024975999998575346,-0.40489630197100734,0.6280847222789284,4.131924096999743,0.04251208005865163,2.12990312828693,0.028150178834640084
12.900000000000048,0.005093689785510891,-0.0031300407411426405,2.1452260000024124,0.02497599999760287,-0.45096112066853805,0.5921418036204449,4.1724116971559315,0.026891558657506053,2.1401323102169014,0.02810604073874551
12.950000000000049,0.005093689785510891,-0.0031300407411426405,2.153476000002976,0.0249759999970392,-0.4460137009789349,0.5965793373076098,4.170372153146179,0.028679168824509504,2.148382310217465,0.02810604073818184
13.00000000000005,0.005093689785510891,-0.0031300407411426405,2.1617260000027816,0.024975999997232608,-0.4494945935049671,0.597539978782975,4.188138289151769,0.028199121005334844,2.1566323102172706,0.02810604073837525
13.05000000000005,0.006795006272189985,-0.0018451123820504216,2.1699760000014825,0.02497599999853137,-0.5781509484742422,0.46839374135593825,4.186178759320722,-0.020906134689200755,2.1631809937292923,0.026821112380581793
13.100000000000051,0.006795006272189985,-0.0018451123820504216,2.178225999998747,0.02497600000126697,-0.47318994168236134,0.5820972783435152,4.221148880103506,0.02074425460212454,2.171430993726557,0.026821112383317393
13.150000000000052,0.006795006272189985,-0.0018451123820504216,2.186475999994921,0.024976000005094093,-0.47671387642676377,0.5830292719008454,4.238972593310437,0.020250551518872697,2.179680993722731,0.026821112387144515
13.200000000000053,0.008499254209660079,-0.0015482839283178732,2.1947259999912414,0.024976000008774105,-0.5517051438471892,0.5075883997283743,4.237174174302254,-0.008403189355964723,2.1862267457815814,0.026524283937091976
13.250000000000053,0.008499254209660079,-0.0015482839283178732,2.2029759999890093,0.02497600001100722,-0.5335888790716783,0.534439910134122,4.272115156823201,0.0001621011547511844,2.1944767457793493,0.026524283939325093
13.300000000000054,0.008499254209660079,-0.0015482839283178732,2.211225999989524,0.024976000010493653,-0.5373271803907904,0.5351718874914935,4.2899962715291355,-0.0004105319808184859,2.202726745779864,0.026524283938811524
13.350000000000055,0.008499254209660079,-0.0015482839283178732,2.219475999994085,0.024976000005933623,-0.5410704629356161,0.5359040394271813,4.30789800945119,-0.0009840806682732816,2.210976745784425,0.0265242839342515
13.400000000000055,0.009083157703505318,0.00021208410385790358,2.227726000003954,0.024975999996065312,-0.846446898539239,0.23323862790443117,4.318742105774681,-0.11680157535901102,2.2186428423004485,0.02476391589220741
13.450000000000056,0.009083157703505318,0.00021208410385790358,2.235976000018115,0.02497599998190492,-0.6983685662086052,0.3873349961787103,4.342814249549262,-0.05924448952950378,2.2268928423146095,0.024763915878047018
13.500000000000057,0.009083157703505318,0.00021208410385790358,2.24422600003202,0.024975999967999568,-0.702689443078584,0.38750446862809185,4.360775646826704,-0.06003523322866518,2.2351428423285147,0.024763915864141665
13.550000000000058,0.014562369284190413,0.001679809717666297,2.252476000040819,0.024975999959200117,-0.9354564332853004,0.143383027373368,4.315357842634674,-0.15087112493560617,2.2379136307566285,0.023296190241533822
13.600000000000058,0.014562369284190413,0.001679809717666297,2.260726000039661,0.024975999960357428,-0.8279313036587315,0.26917130864354327,4.388410449209099,-0.10643047524098823,2.2461636307554707,0.023296190242691132
13.650000000000059,0.014562369284190413,0.001679809717666297,2.2689760000236956,0.024975999976322355,-0.8327055639968017,0.2688992531119107,4.40641926843485,-0.10739167826378879,2.254413630739505,0.023296190258656056
13.70000000000006,0.014562369284190413,0.001679809717666297,2.2772259999881492,0.02497600001186815,-0.837485873370289,0.26862630380156466,4.4244487086874145,-0.10835420372737606,2.2626636307039587,0.02329619029420185
13.75000000000006,0.010657637900054528,0.0014889089750447391,2.285475999935825,0.0249760000641913,-1.0738987339843682,0.047894812620459803,4.4871741864193115,-0.19542931835503016,2.2748183620357705,0.02348709108914656
13.800000000000061,0.010657637900054528,0.0014889089750447391,2.293725999883356,0.024976000116659812,-1.0828177991299799,0.0337245628869004,4.466169448067522,-0.19982728309391992,2.283068361983301,0.023487091141615072
13.850000000000062,0.01752493806745009,0.009289042589876274,2.301975999848845,0.024976000151170033,-2.6076013143963666,-1.5077912798804212,4.399240138063782,-0.7838843036717691,2.284451061781395,0.01568695756129376
13.900000000000063,0.01752493806745009,0.009289042589876274,2.3102259998503962,0.024976000149618312,-1.9709454460532951,-0.8485830508686059,4.489449580738757,-0.537053047032743,2.292701061782946,0.01568695755974204
13.950000000000063,0.01752493806745009,0.009289042589876274,2.3184759999061137,0.024976000093901003,-1.9800165039081605,-0.853126428625064,4.5075603011323855,-0.5396462728634713,2.3009510618386635,0.01568695750402473
14.000000000000064,0.017503436312294895,0.012128348919931108,2.3267260000339642,0.02497599996605072,-2.5309976634871196,-1.4002213983640743,4.52310506049218,-0.7488036308287989,2.3092225637216695,0.012847651046119613
14.050000000000065,0.017503436312294895,0.012128348919931108,2.334976000227033,0.024975999772982423,-2.293131340132137,-1.1575062691270013,4.5425002840205435,-0.6572643065255501,2.3174725639147384,0.012847650853051316
14.100000000000065,0.017503436312294895,0.012128348919931108,2.34322600042474,0.02497599957527685,-2.303326671489491,-1.1631599069749177,4.560667058058292,-0.6602831578027445,2.325722564112445,0.012847650655345742
14.150000000000066,0.017503436312294895,0.012128348919931108,2.35147600055952,0.02497599944049775,-2.3135338616932053,-1.168820254778143,4.578854427660248,-0.6633055459945425,2.333972564247225,0.012847650520566644
14.200000000000067,0.019103410694145118,0.009618757647891149,2.35972600056381,0.024975999436208877,-2.0269866771345235,-0.8819080417269385,4.58031454163034,-0.5540751845450403,2.340622589869665,0.015357241788317728
14.250000000000068,0.019103410694145118,0.009618757647891149,2.367976000370046,0.024975999629973974,-2.2652683336692667,-1.1119566082885308,4.613246901522943,-0.6432809413252948,2.3488725896759006,0.015357241982082825
14.300000000000068,0.019103410694145118,0.009618757647891149,2.3762259999108486,0.02497600008917145,-2.2753181657777213,-1.1174448785865407,4.631493148764722,-0.646240579878907,2.3571225892167034,0.0153572424412803
14.350000000000069,0.021791107476768212,0.009287555262938214,2.3844759991994606,0.024976000800559225,-2.1981137133901765,-1.043302066732378,4.619246586631194,-0.6174125295471532,2.3626848917226924,0.015688445537621012
14.40000000000007,0.021791107476768212,0.009287555262938214,2.392725998455484,0.02497600154453545,-2.252023351205702,-1.0859716433947775,4.664206831243698,-0.6358085704000913,2.370934890978716,0.015688446281597233
14.45000000000007,0.021791107476768212,0.009287555262938214,2.40097599793107,0.02497600206894877,-2.26195317319785,-1.0913259189717974,4.682509016904211,-0.6387198270799329,2.379184890454302,0.01568844680601056
14.500000000000071,0.021249424909727033,0.007851639096697277,2.4092259978783703,0.02497600212164785,-1.9322664969425984,-0.7550979997488819,4.7086739887748665,-0.5118789517507581,2.3879765729686433,0.017124363024950573
14.550000000000072,0.021249424909727033,0.007851639096697277,2.4174759985495364,0.02497600145048134,-2.0640406262639956,-0.883799196357966,4.720965719624119,-0.5614932995470403,2.3962265736398094,0.01712436235378406
14.600000000000072,0.021249424909727033,0.007851639096697277,2.4257260001965704,0.024975999803447307,-2.0731990329825436,-0.888365217604028,4.7393352615140625,-0.5641074763022041,2.4044765752868433,0.01712436070675003
14.650000000000073,0.024289098612055915,0.007469932729523643,2.4339760028138904,0.024975997186127676,-1.8176514109361976,-0.6367110631927293,4.723761390973873,-0.4674976141197956,2.4096869042018345,0.017506064456604034
14.700000000000074,0.024289098612055915,0.007469932729523643,2.4422260056098652,0.02497599439015348,-1.873780988852738,-0.6806839140037129,4.7723882993961,-0.4865647434012287,2.4179369069978094,0.01750606166062984
14.750000000000075,0.024289098612055915,0.007469932729523643,2.4504760076434535,0.02497599235656636,-1.8821463868785528,-0.6844424441473812,4.790815770924687,-0.4888740630525589,2.4261869090313977,0.017506059627042714
14.800000000000075,0.024289098612055915,0.007469932729523643,2.458726007973613,0.024975992026407937,-1.8905212857171403,-0.6882053303514323,4.8092638214628325,-0.49118602210829954,2.434436909361557,0.017506059296884292
14.850000000000076,0.022796486757756695,4.4457581705712595e-05,2.466976005659302,0.024975994340719843,-0.4701449093831649,0.7420272370624179,4.848688585782331,0.05178711003414342,2.4441795189015454,0.02493153675901413
14.900000000000077,0.022796486757756695,4.4457581705712595e-05,2.4752259997594996,0.024976000240523055,-1.1201149014903926,0.09251287857882795,4.850511120276883,-0.19573371864982186,2.452429513001743,0.024931542658817342
14.950000000000077,0.022796486757756695,4.4457581705712595e-05,2.4834759901448136,0.024976009855209258,-1.1257215636848374,0.0915369365823625,4.869034001068799,-0.196987548019519,2.4606795033870568,0.024931552273503545
15.000000000000078,0.022796486757756695,4.4457581705712595e-05,2.49172597965053,0.024976020349492756,-1.1313359580518896,0.09055844094793652,4.887577595999304,-0.19824333659122917,2.4689294928927734,0.024931562767787043
15.050000000000079,0.01721924806588926,-0.012890329868396664,2.4999759717886643,0.02497602821135838,1.7967826944427503,3.0385042510120868,4.966886226277346,0.9210070372294928,2.4827567237227752,0.037866358079755046
15.10000000000008,0.01721924806588926,-0.012890329868396664,2.5082259700712313,0.024976029928790954,0.6656842586365326,1.8985774747495052,4.931572864451891,0.4884308063592453,2.4910067220053422,0.03786635979718762
15.15000000000008,0.01721924806588926,-0.012890329868396664,2.5164759780102464,0.024976021989775308,0.6665175217717181,1.9040657913336845,4.950193078247866,0.4896349167819814,2.4992567299443573,0.03786635185817197
15.200000000000081,0.01721924806588926,-0.012890329868396664,2.5247259991177247,0.024976000882296262,0.6673496982827275,1.909558208750827,4.968834041872397,0.4908396013397246,2.507506751051835,0.03786633075069293
15.250000000000082,0.019142392618648973,-0.027940636169043465,2.5329760343800927,0.02497596561992747,3.8773753838049,5.11402919493098,4.946615244504319,1.7126484911877866,2.5138336417614435,0.05291660178897094
15.300000000000082,0.019142392618648973,-0.027940636169043465,2.54122607371945,0.024975926280569147,2.57546155494589,3.82358482563429,4.992493082753602,1.2188659772533676,2.522083681100801,0.05291656244961261
15.350000000000083,0.019142392618648973,-0.027940636169043465,2.5494761040288556,0.024975895971163294,2.5830144585421504,3.835804425644975,5.011159868411299,1.2226321684165953,2.5303337114102065,0.05291653214020676
15.400000000000084,0.019142392618648973,-0.027940636169043465,2.5577261122012893,0.024975887798728967,2.5905779957890727,3.8480396960845105,5.029846801181751,1.2264033698806824,2.53858371958264,0.05291652396777243
15.450000000000085,0.019142392618648973,-0.027940636169043465,2.565976085129733,0.024975914870285245,2.5981523326216314,3.860290797694418,5.048553860291146,1.2301796438697237,2.546833692511084,0.05291655103932871
15.500000000000085,0.019142392618648973,-0.027940636169043465,2.574226009707167,0.024975990292851188,2.605737635250107,3.8725578914828978,5.067281024931164,1.2339610527110485,2.555083617088518,0.052916626461894656
15.550000000000086,0.051416201930671535,-0.06385086646645616,2.5824758805930497,0.02497611940696951,6.0,6.0,4.630298771617263,3.6071811773590152,2.5310596786623782,0.08882698587342566
15.600000000000087,0.051416201930671535,-0.06385086646645616,2.590725733306269,0.02497626669375083,6.0,6.0,5.012765377837414,2.5577909031518447,2.5393095313755976,0.08882713316020699
15.650000000000087,0.051416201930671535,-0.06385086646645616,2.5989756167551206,0.024976383244900528,6.0,6.0,5.031345351267451,2.5660998260019223,2.547559414824449,0.08882724971135669
15.700000000000088,0.051416201930671535,-0.06385086646645616,2.6072255798556645,0.0249764201443575,6.0,6.0,5.04994756505538,2.5744124781185724,2.555809377924993,0.08882728661081365
15.750000000000089,0.06254870006205943,-0.07347390755342544,2.615475671523962,0.024976328476060662,6.0,6.0,4.836213851833883,4.284420738721223,2.5529269714619027,0.0984502360294861
15.80000000000009,0.06254870006205943,-0.07347390755342544,2.6237259406760747,0.024976059323948908,6.0,6.0,4.983258658699648,4.060307912644795,2.561177240614015,0.09844996687737434
15.85000000000009,0.06254870006205943,-0.07347390755342544,2.6319764126622776,0.024975587337745637,6.0,6.0,5.001613463507448,4.073959879324336,2.569427712600218,0.09844949489117108
15.900000000000091,0.06254870006205943,-0.07347390755342544,2.640226963428652,0.02497503657137089,6.0,6.0,5.019982866664945,4.087638126126888,2.5776782633665927,0.09844894412479632
15.950000000000092,0.07464661329461963,-0.09934367005915036,2.648477410552162,0.024974589447860705,6.0,6.0,4.713614696934032,6.188832996690287,2.5738307972575423,0.12431825950701106
16.000000000000092,0.07464661329461963,-0.09934367005915036,2.656727571475581,0.0249744285244404,6.0,6.0,4.919968767968853,5.491852987349375,2.5820809581809616,0.12431809858359076
16.050000000000093,0.07464661329461963,-0.09934367005915036,2.6649772636416857,0.024974736358335293,6.0,6.0,4.937963566013952,5.5104217113609275,2.590330650347066,0.12431840641748565
16.100000000000094,0.07464661329461963,-0.09934367005915036,2.6732263044932503,0.024975695506770697,6.0,6.0,4.955970168165637,5.529024281795472,2.5985796911986307,0.12431936556592106
16.150000000000095,0.08748824735334854,-0.09796015034622664,2.681474581889706,0.0249774181103156,6.0,6.0,4.846450993861227,5.259438795481776,2.5939863345363574,0.12293756845654225
16.200000000000095,0.08748824735334854,-0.09796015034622664,2.689722524856269,0.024979475143753052,6.0,6.0,4.9842760894516775,5.438911873920225,2.6022342775029204,0.12293962548997969
16.250000000000096,0.08748824735334854,-0.09796015034622664,2.697970813331582,0.024981186668441395,6.0,6.0,5.002392655555469,5.457072846431485,2.6104825659782334,0.12294133701466803
16.300000000000097,0.08748824735334854,-0.09796015034622664,2.706220128628484,0.024981871371540464,6.0,6.0,5.020556207612453,5.475202133662015,2.6187318812751355,0.12294202171776711
16.350000000000097,0.08748824735334854,-0.09796015034622664,2.714471152059815,0.02498084794021008,6.0,6.0,5.038768013146409,5.493297379251859,2.6269829047064666,0.12294099828643672
16.400000000000098,0.06408488902589143,-0.09721635466998735,2.722724564938416,0.024977435061610084,6.0,6.0,5.345140806028228,5.444690177606609,2.6586396759125246,0.12219378973159743
16.4500000000001,0.06408488902589143,-0.09721635466998735,2.7309808418789583,0.024971158121068527,6.0,6.0,5.135525372814616,5.284729264867931,2.666895952853067,0.12218751279105587
16.5000000000001,0.06408488902589143,-0.09721635466998735,2.739238515260005,0.024963484740021576,6.0,6.0,5.1539001100737405,5.302022544262873,2.675153626234114,0.12217983941000893
16.5500000000001,0.09093087596687266,-0.1110820197696884,2.747495053287521,0.024956946712505885,6.0,6.0,4.8788609590463095,5.1013745130569,2.6565641773206483,0.1360389664821943
16.6000000000001,0.09093087596687266,-0.1110820197696884,2.7557479132673692,0.02495408673265681,6.0,6.0,5.190288379843682,4.87316965911156,2.6648170373004967,0.1360361065023452
16.6500000000001,0.09093087596687266,-0.1110820197696884,2.7639945525054155,0.024957447494609722,6.0,6.0,5.20849686626369,4.889406967518065,2.673063676538543,0.1360394672642981
16.700000000000102,0.09093087596687266,-0.1110820197696884,2.772232428307525,0.024969571692499984,6.0,6.0,5.226617808945872,4.905881769030507,2.6813015523406523,0.13605159146218837
16.750000000000103,0.09093087596687266,-0.1110820197696884,2.7804595921601947,0.024992407839829044,6.0,6.0,5.244719140157139,4.922454119489735,2.689528716193322,0.13607442760951743
16.800000000000104,0.09093087596687266,-0.1110820197696884,2.788681002899794,0.025020997100229158,6.0,6.0,5.263101967891216,4.938503720076185,2.6977501269329216,0.13610301686991755
16.850000000000104,0.09093087596687266,-0.1110820197696884,2.796906075717444,0.025045924282578264,6.0,6.0,5.281852986629902,4.953851975449082,2.7059751997505717,0.13612794405226666
16.900000000000105,0.04062625938794229,-0.048348300848784186,2.805144300076847,0.025057699923175084,5.412100855040002,6.0,6.059009141778976,2.350276951528523,2.7645180406889045,0.07340600077195927
16.950000000000106,0.04062625938794229,-0.048348300848784186,2.8134051654417034,0.025046834558318326,6.0,6.0,5.463208130425706,4.0856971876824355,2.772778906053761,0.07339513540710252
17.000000000000107,0.04062625938794229,-0.048348300848784186,2.8216981612757155,0.0250038387243067,6.0,6.0,5.4834503295783605,4.095905844521347,2.781071901887773,0.07335213957309089
17.050000000000107,0.05575589396365227,-0.11196792087908702,2.8300311109927603,0.024920889007262095,6.0,6.0,5.189654192535137,6.394076513676814,2.774275217029108,0.1368888098863491
17.100000000000108,0.05575589396365227,-0.11196792087908702,2.8383874976435695,0.02481450235645408,6.0,6.0,5.481808276532181,4.4251341953318635,2.782631603679917,0.1367824232355411
17.15000000000011,0.05575589396365227,-0.11196792087908702,2.846732363606405,0.02471963639361976,6.0,6.0,5.500065548322311,4.440311440987061,2.7909764696427524,0.1366875572727068
17.20000000000011,0.05575589396365227,-0.11196792087908702,2.8550302937205965,0.02467170627942893,6.0,6.0,5.517010866521814,4.458467634861822,2.799274399756944,0.13663962715851596
17.25000000000011,-0.02294674383402917,-0.014607154769773062,2.863245872825475,0.02470612717455137,5.79081017895244,6.0,6.609477599595457,2.5207599538673797,2.886192616659504,0.03931328194432443
17.30000000000011,-0.02294674383402917,-0.014607154769773062,2.87134368576037,0.02485831423965687,6.0,6.0,5.622306389336336,5.0525326127208565,2.894290429594399,0.03946546900942993
17.35000000000011,-0.02294674383402917,-0.014607154769773062,2.8792928501281185,0.025159149871908537,6.0,6.0,5.635420090780995,5.080591641738244,2.9022395939621477,0.0397663046416816
17.400000000000112,-0.02294674383402917,-0.014607154769773062,2.8871474518622904,0.025554548137736315,6.0,6.0,5.651826110337838,5.1021524444653,2.9100941956963196,0.04016170290750938
17.450000000000113,-0.08116528944717599,0.08530515760252483,2.8950370390148343,0.025914960985191603,5.010389756245198,6.0,6.595506438625977,2.2227916423136933,2.9762023284620103,-0.059390196617333225
17.500000000000114,-0.08116528944717599,0.08530515760252483,2.9030937827647287,0.026108217235296535,6.0,6.0,5.8029696275283005,4.945669944868201,2.9842590722119047,-0.05919694036722829
17.550000000000114,-0.08116528944717599,0.08530515760252483,2.9114498542909515,0.026002145709073256,6.0,6.0,5.8349941995163075,4.937431969413661,2.9926151437381274,-0.05930301189345157
17.600000000000115,-0.11378416084748716,0.181257009418621,2.9202374247724805,0.025464575227543907,-6.0,-5.060780148588016,6.503599260802162,-2.23761144997649,3.0340215856199677,-0.15579243419107708
17.650000000000116,-0.11378416084748716,0.181257009418621,2.9295767843870633,0.02437521561296148,1.3651614913260053,2.9006472221273034,6.141942923205193,0.8125349930387255,3.0433609452345505,-0.15688179380565953
17.700000000000117,-0.11378416084748716,0.181257009418621,2.9392944905024785,0.022907509497547017,1.3004150427324843,2.843290427471935,6.171501538957803,0.7892772324198893,3.0530786513499657,-0.15834949992107397
17.750000000000117,-0.11378416084748716,0.181257009418621,2.948911524383564,0.02154047561646269,1.3565161298196973,2.9028036044935375,6.18514989869536,0.8112989970120448,3.062695685231051,-0.1597165338021583
17.800000000000118,-0.11378416084748716,0.181257009418621,2.9579346164750775,0.02076738352495016,1.540679858837811,3.0861640521447895,6.181936773227915,0.8813036020919239,3.0717187773225647,-0.16048962589367083
17.85000000000012,-0.16219564457141517,0.28286595014381855,2.9658704972217778,0.021081502778251084,-6.0,-6.0,6.740582074915099,-4.214325600383822,3.1280661417931928,-0.26178444736556744
17.90000000000012,-0.16219564457141517,0.28286595014381855,2.9722258970684226,0.022976102931607116,-2.534547470884326,-0.9828872695611353,6.206640805292764,-0.6699875696086594,3.1344215416398375,-0.2598898472122114
17.95000000000012,-0.16219564457141517,0.28286595014381855,2.976520101130828,0.026931898869202033,-1.917113345115101,-0.37843630386532523,6.154708164999103,-0.4372475521867478,3.138715745702243,-0.2559340512746165
18.00000000000012,-0.14594422015485176,0.37695334407027487,2.978697199023242,0.033004800976787665,-6.0,-6.0,5.855971305074461,-4.9864927993593415,3.1246414191780936,-0.3439485430934872
18.05000000000012,-0.14594422015485176,0.37695334407027487,2.9792190781853276,0.04073292181470162,-5.1833437904638116,-3.6765960527188097,6.026990950980007,-1.687607589177642,3.1251632983401794,-0.33622042225557325
18.100000000000122,-0.14594422015485176,0.37695334407027487,2.9785790081590733,0.049622991840955116,-4.800632780019418,-3.29917117772667,6.005846409170994,-1.5428198014754455,3.124523228313925,-0.3273303522293197
18.150000000000123,-0.14594422015485176,0.37695334407027487,2.9772702584864685,0.059181741513559344,-4.545364232572051,-3.045898966166802,5.997861065620997,-1.4459548949978767,3.1232144786413203,-0.31777160255671555
18.200000000000124,-0.21321112925397856,0.3724016257723234,2.9757860987095017,0.06891590129052555,-6.0,-6.0,6.734782342125361,-2.906091555868547,3.18899722796348,-0.30348572448179784
18.250000000000124,-0.21321112925397856,0.3724016257723234,2.974614786073406,0.07833721392662195,-6.0,-6.0,6.080966518624,-2.8090602377403147,3.1878259153273842,-0.2940644118457014
18.300000000000125,-0.21321112925397856,0.3724016257723234,2.9740003066736462,0.08720169332638208,-6.0,-6.0,6.103402369628617,-2.828848903925206,3.1872114359276247,-0.28519993244594133
18.350000000000126,-0.21321112925397856,0.3724016257723234,2.9738373521754413,0.09561464782458821,-6.0,-6.0,6.123185365704546,-2.8374207060015024,3.1870484814294198,-0.27678697794773516
18.400000000000126,-0.3821893771078392,0.6719001086170949,2.9739937514660766,0.10370824853395408,-6.0,-6.0,7.5728937934193326,-15.561950722875356,3.3561831285739157,-0.5681918600831408
18.450000000000127,-0.3821893771078392,0.6719001086170949,2.974337333432838,0.11161466656719342,-6.0,-6.0,6.322721278484121,-4.887527964407553,3.356526710540677,-0.5602854420499015
18.500000000000128,-0.3821893771078392,0.6719001086170949,2.9747359269630125,0.11946607303701995,-6.0,-6.0,6.333329972055956,-4.858535876361053,3.3569253040708515,-0.552434035580075
18.55000000000013,-0.3821893771078392,0.6719001086170949,2.9750581381652337,0.127393861834799,-6.0,-6.0,6.340597078206563,-4.814754403021346,3.3572475152730727,-0.5445062467822959
18.60000000000013,-0.5776720534234066,0.7196415250347019,2.975231258800489,0.13547074119954353,-6.0,-6.0,8.29605967924443,-9.78569055531654,3.5529033122238953,-0.5841707838351584
18.65000000000013,-0.5776720534234066,0.7196415250347019,2.9752812473254995,0.14367075267453266,-6.0,-6.0,6.496699017626628,-6.797933776029353,3.5529533007489063,-0.5759707723601692
18.70000000000013,-0.5776720534234066,0.7196415250347019,2.9752435186491315,0.15195848135089982,-6.0,-6.0,6.5059330283631605,-6.759314383137249,3.5529155720725383,-0.5676830436838021
18.75000000000013,-0.5776720534234066,0.7196415250347019,2.9751534876802523,0.16029851231977854,-6.0,-6.0,6.5159225631040165,-6.7245314097489315,3.552825541103659,-0.5593430127149234
18.800000000000132,-0.5776720534234066,0.7196415250347019,2.9750465693277284,0.1686554306723022,-6.0,-6.0,6.526708149313313,-6.693795477383893,3.5527186227511347,-0.5509860943623996
18.850000000000133,-0.628140139055248,0.6974438108857856,2.9749580718760695,0.17699392812396086,-6.0,-6.0,7.135384374270556,-6.553389067337463,3.6030982109313174,-0.5204498827618247
18.900000000000134,-0.628140139055248,0.6974438108857856,2.9749093772609787,0.18529262273905245,-6.0,-6.0,6.605700707049582,-6.869255368318827,3.6030495163162266,-0.5121511881467331
18.950000000000134,-0.628140139055248,0.6974438108857856,2.9748942508768303,0.19355774912320145,-6.0,-6.0,6.617652064375522,-6.843503547909354,3.6030343899320783,-0.5038860617625841
19.000000000000135,-0.5807648139851774,0.7773744922026466,2.9749032042008725,0.20179879579916069,-6.0,-6.0,5.881885662766033,-9.454120328326773,3.55566801818605,-0.5755756964034859
19.050000000000136,-0.5807648139851774,0.7773744922026466,2.9749267487103515,0.2100252512896829,-6.0,-6.0,6.537541232754929,-7.194968879820083,3.5556915626955288,-0.5673492409129637
19.100000000000136,-0.5807648139851774,0.7773744922026466,2.9749553958825143,0.21824660411752098,-6.0,-6.0,6.548783482594999,-7.166541976346451,3.5557202098676917,-0.5591278880851257
19.150000000000137,-0.5634972671007326,0.7512554061460712,2.9749796692433983,0.22647233075663736,-6.0,-6.0,6.410418122069533,-6.29870187993095,3.538476936344131,-0.5247830753894338
19.200000000000138,-0.5634972671007326,0.7512554061460712,2.9749933530229113,0.23470864697712485,-6.0,-6.0,6.52577652602275,-7.252890299287496,3.538490620123644,-0.5165467591689463
19.25000000000014,-0.5634972671007326,0.7512554061460712,2.9749978884571835,0.24295411154285262,-6.0,-6.0,6.536871490113957,-7.223136980566147,3.538495155557916,-0.5083012946032186
19.30000000000014,-0.5634972671007326,0.7512554061460712,2.9749958147283597,0.25120618527167565,-6.0,-6.0,6.5480196926334076,-7.193584710077306,3.5384930818290923,-0.5000492208743956
19.35000000000014,-0.5870643963741855,0.7318856049188349,2.974989671018586,0.25946232898144883,-6.0,-6.0,6.75979815248783,-7.8753437310595125,3.562054067392771,-0.4724232759373861
19.40000000000014,-0.5870643963741855,0.7318856049188349,2.974981996510007,0.26772000349002717,-6.0,-6.0,6.489439370173894,-8.234850625571783,3.5620463928841923,-0.46416560142880775
19.45000000000014,-0.5870643963741855,0.7318856049188349,2.9749753294327648,0.2759766705672686,-6.0,-6.0,6.501279699364579,-8.207949293082761,3.56203972580695,-0.4559089343515663
19.500000000000142,-0.5870643963741855,0.7318856049188349,2.97497145835912,0.28423054164091266,-6.0,-6.0,6.513148258292872,-8.18112165913625,3.5620358547333053,-0.44765506327792226
19.550000000000143,-0.5892210116145137,0.6543054946867106,2.974970077870833,0.29248192212919905,-6.0,-5.401842162031696,6.959343547402867,-2.3892419449360207,3.5641910894853464,-0.3618235725575116
19.600000000000144,-0.5892210116145137,0.6543054946867106,2.974970519762076,0.30073148023795554,-6.0,-6.0,6.817823057027702,-4.893405353786643,3.5641915313765895,-0.3535740144487551
19.650000000000144,-0.6073129009804573,0.62073402161097,2.974972115827021,0.3089798841730099,-6.0,-5.521522522393923,7.148089361623359,-2.443822359084512,3.5822850168074782,-0.3117541374379601
19.700000000000145,-0.6073129009804573,0.62073402161097,2.974974197859841,0.3172278021401898,-6.0,-6.0,6.939650718929486,-3.4502895287387867,3.582287098840298,-0.3035062194707802
19.750000000000146,-0.6073129009804573,0.62073402161097,2.974976097684458,0.3254759023155729,-6.0,-6.0,6.949889490742308,-3.4151961955570203,3.5822889986649153,-0.29525811929539714
19.800000000000146,-0.6073129009804573,0.62073402161097,2.9749773064477334,0.33372469355229784,-6.0,-6.0,6.960121427163605,-3.379995655532988,3.5822902074281906,-0.2870093280586722
19.850000000000147,-0.5780809495168631,0.5826353588540575,2.9749778470051815,0.34197415299485073,-6.0,-4.419079081547298,6.681269065260342,-2.001614367506606,3.553058796522045,-0.24066120585920675
19.900000000000148,-0.5780809495168631,0.5826353588540575,2.974977852997967,0.35022414700206594,-6.0,-6.0,6.93322712396545,-3.3495485809853425,3.5530588025148298,-0.23241121185199154
19.95000000000015,-0.5780809495168631,0.5826353588540575,2.974977458067256,0.35847454193277795,-6.0,-6.0,6.94352604844408,-3.31419564602989,3.5530584075841194,-0.22416081692127954
20.00000000000015,-0.5780809495168631,0.5826353588540575,2.974976795854214,0.3667252041458211,-6.0,-6.0,6.95383070784663,-3.2787879649280405,3.5530577453710768,-0.21591015470823638
