t,x_actual,y_actual,x_deseada,y_deseada,Ref_Izq,Ref_Der,Vel_Lineal,Vel_Angular,error_x,error_y
0.05,0.15,0.0,0.0249760000000037,0.0249760000000037,0.6604519270801039,0.6945048145200965,0.13621154975997044,0.2580869984000382,-0.1250239999999963,0.0249760000000037
0.1,0.15,0.0,0.041476000000002025,0.0249760000000037,-0.021802441464992734,0.06552792466499922,0.3493214645199678,0.008328663466667902,-0.10852399999999797,0.0249760000000037
0.15000000000000002,0.15,0.0,0.0579760000000009,0.0249760000000037,-0.02190108063499489,0.06563530543500137,0.35014554427998507,0.008330328533334569,-0.09202399999999909,0.0249760000000037
0.2,6.215765819372887e-05,2.4384303900061838e-08,0.07447600000000089,0.0249760000000037,-0.05105104623453692,0.09479268977752238,0.5833749440482372,0.008331741627235326,0.07441384234180716,0.0249759756156998
0.25,0.00021977023878394508,9.853508908551493e-08,0.09097600000000224,0.0249760000000037,-0.02300740227256352,0.06675504487692008,0.3590497885979344,0.008332884305591726,0.09075622976121829,0.024975901464914615
0.3,0.00030848979213340955,1.2328768655591613e-07,0.10747600000000404,0.0249760000000037,-0.02311737835502084,0.0668763126040361,0.3599747638362278,0.008335035095050528,0.10716751020787063,0.024975876712317144
0.35,0.00033594668825315255,1.3039443114427028e-07,0.12397600000000508,0.0249760000000037,-0.02322714528529605,0.0669957350591466,0.3608915213777706,0.0083368742426382,0.12364005331175193,0.024975869605572555
0.39999999999999997,0.00034014280910837913,1.316019275989417e-07,0.14047600000000446,0.0249760000000037,-0.02333025604904647,0.06710789497424464,0.36175260409316445,0.008338597890513938,0.14013585719089608,0.0249758683980761
0.44999999999999996,0.00035425344297035366,1.3628950949488533e-07,0.15697600000000306,0.0249760000000037,-0.023427354341306543,0.06721354391104936,0.36256359300942365,0.00834022658471292,0.1566217465570327,0.024975863710494206
0.49999999999999994,0.0003654148618209285,1.4069262017606617e-07,0.17347600000000227,0.0249760000000037,-0.023526804558461796,0.06732174290825726,0.3633941898668762,0.008341893019008659,0.17311058513818134,0.024975859307383524
0.5499999999999999,0.0003765336759601612,1.4569059019668002e-07,0.18997600000000311,0.0249760000000037,-0.023625754267371245,0.06742939418961216,0.36422059382793365,0.008343550461379223,0.18959946632404295,0.024975854309413504
0.6,0.0003778842849918862,1.4633928008000243e-07,0.20647600000000493,0.0249760000000037,-0.02372647561177757,0.06753908428479966,0.3650622395863089,0.00834525879486135,0.20609811571501305,0.02497585366072362
0.65,0.0003887859576760244,1.5190509532254335e-07,0.22297600000000647,0.0249760000000037,-0.02382378305711614,0.06764486538771339,0.36587459377931814,0.008346872824875668,0.22258721404233045,0.024975848094908378
0.7000000000000001,0.0004026958299499228,1.598588994599585e-07,0.23947600000000668,0.0249760000000037,-0.023922254796880135,0.06775193938295244,0.3666967767193303,0.008348511349728058,0.23907330417005676,0.02497584014110424
0.7500000000000001,0.00041203509184845055,1.6573530599017722e-07,0.2559760000000057,0.0249760000000037,-0.02402207771006432,0.06786060261779246,0.3675307213114271,0.008350195220519645,0.25556396490815725,0.02497583426469771
0.8000000000000002,0.0004214414186168025,1.7208928667686634e-07,0.2724760000000041,0.0249760000000037,-0.02412111874022649,0.06796834899561374,0.3683578709433609,0.008351853381978523,0.2720545585813873,0.02497582791071702
0.8500000000000002,0.00042374393651611886,1.7371120673510958e-07,0.28897600000000234,0.0249760000000037,-0.024221428436960957,0.06807764582637237,0.3691962970533333,0.008353565217030744,0.2885522560634862,0.024975826288796965
0.9000000000000002,0.00044423565089016237,1.8929912248063794e-07,0.3054760000000011,0.0249760000000037,-0.024317405659055,0.06818160408858545,0.36999603899056177,0.008355085415148657,0.30503176434911095,0.02497581070088122
0.9500000000000003,0.0004531861966900197,1.967584231787344e-07,0.3219760000000008,0.0249760000000037,-0.02441846297594801,0.06829181663512683,0.37084111844429934,0.008356829268415014,0.3215228138033108,0.02497580324158052
1.0000000000000002,0.000455382451080677,1.9864920842813617e-07,0.33847600000000205,0.0249760000000037,-0.024518747920442868,0.06840113214828146,0.3716795202748973,0.00835854937673116,0.3380206175489214,0.024975801350795274
1.0500000000000003,0.0004616147014277483,2.0414433771641534e-07,0.3549760000000039,0.0249760000000037,-0.024617249020612724,0.06850817593246233,0.37250169981230025,0.008360176554638022,0.35451438529857615,0.024975795855665985
1.1000000000000003,0.0004765200909535028,2.180647269909411e-07,0.37147600000000525,0.0249760000000037,-0.02471498097925546,0.06861418272795192,0.3733166548288295,0.00836175271403742,0.37099947990905174,0.02497578193527671
1.1500000000000004,0.0004765200909535028,2.180647269909411e-07,0.3879760000000049,0.0249760000000037,-0.02481664894207972,0.06872532303489048,0.3741678879078808,0.008363556970059192,0.38749947990905137,0.02497578193527671
1.2000000000000004,0.0004986303655114266,2.4073468639825945e-07,0.40447600000000344,0.0249760000000037,-0.024912239212872597,0.06882842497612843,0.3749626567560041,0.008364987764429682,0.40397736963449205,0.024975759265317303
1.2500000000000004,0.0005087291010218986,2.5189219244588224e-07,0.42097600000000246,0.0249760000000037,-0.02501341564843673,0.06893892780169603,0.37580937380053103,0.008366764219668438,0.42046727089898056,0.024975748107811255
1.3000000000000005,0.0005198676958977078,2.647826638027396e-07,0.43747600000000303,0.0249760000000037,-0.025112508269596556,0.06904664839117831,0.3766366266430995,0.00836840764220605,0.43695613230410535,0.0249757352173399
1.3500000000000005,0.0005234543906775802,2.6906388135485704e-07,0.4539760000000048,0.0249760000000037,-0.025213000649945,0.06915632677104833,0.3774773096839733,0.008370157356400634,0.45345254560932724,0.024975730936122344
1.4000000000000006,0.0005234543906775802,2.6906388135485704e-07,0.47047600000000644,0.0249760000000037,-0.02531290246102182,0.06926519485187439,0.37831238925158484,0.008371865217305251,0.46995254560932886,0.024975730936122344
1.4500000000000006,0.000548692346660995,3.0098512068501675e-07,0.4869760000000069,0.0249760000000037,-0.025408240757469832,0.06936754291574401,0.3791031346928554,0.008373200411099844,0.4864273076533459,0.024975699014883015
1.5000000000000007,0.0005605650386039107,3.170897418361604e-07,0.5034760000000061,0.0249760000000037,-0.025509654345250758,0.06947850018191087,0.37995261810864656,0.008375018254601928,0.5029154349614022,0.024975682910261865
1.5500000000000007,0.0005679633010272078,3.274770872649485e-07,0.5199760000000045,0.0249760000000037,-0.025609709589438118,0.06958757889060219,0.3807891539201612,0.008376737009745536,0.5194080366989773,0.024975672522916437
1.6000000000000008,0.0005737656961464499,3.3581292018825365e-07,0.5364760000000028,0.0249760000000037,-0.025709350127799076,0.06969605402812751,0.38162161662370636,0.00837841979053875,0.5359022343038564,0.024975664187083513
1.6500000000000008,0.0005832177333821298,3.497479141041943e-07,0.5529760000000015,0.0249760000000037,-0.025808210667950745,0.06980333770367578,0.3824461934865061,0.008380024197280959,0.5523927822666194,0.024975650252089594
1.7000000000000008,0.0005949886018069561,3.6771834728655056e-07,0.569476000000001,0.0249760000000037,-0.025907289339202912,0.06991091453740728,0.38327281550644077,0.00838164289489607,0.568881011398194,0.024975632281656415
1.7500000000000009,0.0006061746054874528,3.8542994064588287e-07,0.585976000000002,0.0249760000000037,-0.026006823771654086,0.0700191730287602,0.38410398720165717,0.008383304620401166,0.5853698253945145,0.024975614570063056
1.800000000000001,0.0006171084432284868,4.03339436343565e-07,0.6024760000000038,0.0249760000000037,-0.0261063301762266,0.07012737916067358,0.3849348373476007,0.008384961711323233,0.6018588915567753,0.024975596660567357
1.850000000000001,0.0006290510317646381,4.235758337640583e-07,0.6189760000000053,0.0249760000000037,-0.02620567239010154,0.070235305250261,0.3857639105614502,0.00838659673526847,0.6183469489682407,0.024975576424169935
1.900000000000001,0.0006367451246970246,4.36986323432183e-07,0.6354760000000051,0.0249760000000037,-0.026305801274582825,0.07034451047359733,0.38660124699272064,0.00838832556171705,0.6348392548753081,0.024975563013680268
1.950000000000001,0.000645900111940767,4.5332396587091676e-07,0.6519760000000039,0.0249760000000037,-0.02640512971338167,0.0704523980873379,0.3874301112028783,0.008389955880753568,0.6513300998880631,0.024975546676037828
2.000000000000001,0.0006580372815368218,4.7562159095571836e-07,0.6684760000000027,0.0249760000000037,-0.026504259712536327,0.07055991760009236,0.38825670925051475,0.008391553883344007,0.6678179627184659,0.024975524378412745
2.0500000000000007,0.0006693779347785311,4.971133279141871e-07,0.684976000000003,0.0249760000000037,-0.02660394550125372,0.0706683495134069,0.3890891800586425,0.008393219811838703,0.6843066220652245,0.024975502886675785
2.1000000000000005,0.0006799296909595354,5.176804033741438e-07,0.7014760000000047,0.0249760000000037,-0.026703651480487124,0.07077680946379888,0.389921843777144,0.008394887234916524,0.7007960703090451,0.024975482319600326
2.1500000000000004,0.000689985084688316,5.377916283640203e-07,0.7179760000000064,0.0249760000000037,-0.026803338235114015,0.07088522636770456,0.3907542584112743,0.008396550120493437,0.7172860149153181,0.024975462208375335
2.2,0.0006988912821449811,5.560213903413106e-07,0.7344760000000069,0.0249760000000037,-0.026903136127004117,0.07099383253971209,0.39158787466686484,0.008398227888134853,0.733777108717862,0.02497544397861336
2.25,0.0007077476612225575,5.745376084041643e-07,0.7509760000000061,0.0249760000000037,-0.027002805972600682,0.07110219634189408,0.39242000925797904,0.008399883879865408,0.7502682523387836,0.024975425462395295
2.3,0.0007191048423979551,5.988491470359884e-07,0.7674760000000045,0.0249760000000037,-0.02710215224050215,0.07120993720067614,0.3932483577647132,0.008401482849556951,0.7667568951576065,0.024975401150856665
2.3499999999999996,0.0007288833844035225,6.202917171707927e-07,0.7839760000000027,0.0249760000000037,-0.027202063938731813,0.07131870337815187,0.3940830692675347,0.008403169417032392,0.7832471166155992,0.02497537970828653
2.3999999999999995,0.0007311078225919476,6.252354330394808e-07,0.8004760000000012,0.0249760000000037,-0.02730279165181864,0.07142903001075265,0.39492728665028515,0.008404997782654097,0.7997448921774093,0.024975374764570662
2.4499999999999993,0.0007425271417597079,6.509990670099798e-07,0.8169760000000005,0.0249760000000037,-0.027401339912689126,0.07153518151171347,0.3957460856976104,0.00840644601886178,0.8162334728582408,0.02497534900093669
2.499999999999999,0.0007528823067879942,6.749185565722951e-07,0.8334760000000013,0.0249760000000037,-0.027501242464583256,0.0716438803858609,0.39658049140177665,0.00840812150881479,0.8327231176932133,0.024975325081447126
2.549999999999999,0.0007647611352838979,7.030097083663505e-07,0.8499760000000031,0.0249760000000037,-0.02760083245797285,0.07175194356141434,0.39741110407754876,0.00840973544827457,0.8492112388647192,0.024975296990295333
2.5999999999999988,0.0007739909837994885,7.253175959927595e-07,0.8664760000000046,0.0249760000000037,-0.027700975618322805,0.0718610926504687,0.398248273075166,0.008411450863265885,0.8657020090162051,0.02497527468240771
2.6499999999999986,0.0007843682976834965,7.509012245916199e-07,0.8829760000000046,0.0249760000000037,-0.02780066105517268,0.0719693026767518,0.39907985492769793,0.0084130745945865,0.8821916317023212,0.024975249098779108
2.6999999999999984,0.000799167264783629,7.883057074532196e-07,0.8994760000000033,0.0249760000000037,-0.0278999602119894,0.07207665710496783,0.3999064692678289,0.00841460893199589,0.8986768327352197,0.024975211694296246
2.7499999999999982,0.0008095474361490829,8.151870051483925e-07,0.915976000000002,0.0249760000000037,-0.028000369448368572,0.07218631308098185,0.4007467301174017,0.008416370215735863,0.915166452563853,0.02497518481299855
2.799999999999998,0.000812564209455191,8.230992680110473e-07,0.932476000000002,0.0249760000000037,-0.02810115914007903,0.07229682611247626,0.40159194101022117,0.008418222280456616,0.9316634357905468,0.02497517690073569
2.849999999999998,0.0008259382231856349,8.587173206324758e-07,0.9489760000000034,0.0249760000000037,-0.028199831550546256,0.07240272293683796,0.40241021794953685,0.008419598359293658,0.9481500617768177,0.024975141282683067
2.8999999999999977,0.0008370484356447772,8.889780273722386e-07,0.9654760000000052,0.0249760000000037,-0.02830003257650558,0.07251189355607703,0.40324770453033043,0.008421306853251705,0.9646389515643604,0.024975111021976328
2.9499999999999975,0.0008469116265168442,9.163530242779998e-07,0.981976000000006,0.0249760000000037,-0.028400133723067753,0.07262083957543737,0.4040838931940205,0.008422991590927546,0.9811290883734891,0.024975083646979424
2.9999999999999973,0.0008566830596284658,9.439470802629432e-07,0.9984760000000054,0.0249760000000037,-0.028500121140624397,0.07272950847241286,0.40491851845214905,0.008424645206054945,0.9976193169403769,0.02497505605292344
3.049999999999997,0.0008705071003146658,9.837909090338332e-07,1.0149760000000039,0.0249760000000037,-0.02859965330036351,0.07283706904805352,0.40574688939366815,0.008426174428131431,1.0141054928996893,0.024975016209094668
3.099999999999997,0.0008805516725053086,1.0133334876910346e-06,1.031476000000002,0.0249760000000037,-0.02870009723571459,0.07294674334485618,0.4065873623222831,0.008427932592217446,1.0305954483274968,0.02497498666651601
3.149999999999997,0.0008914268867788178,1.0458808615775174e-06,1.0479760000000005,0.0249760000000037,-0.028800044113808567,0.07305521674723806,0.4074210434441865,0.008429556692081808,1.0470845731132217,0.024974954119142124
3.1999999999999966,0.0008960151435589148,1.0597877987198052e-06,1.0644759999999995,0.0249760000000037,-0.02890080095928594,0.07316566910757871,0.4082658802674586,0.00843140345681767,1.0635799848564407,0.02497494021220498
3.2499999999999964,0.0009093099076421252,1.1006710748720556e-06,1.080976,0.0249760000000037,-0.028999933774640826,0.07327205533416742,0.409087956435233,0.008432785058957446,1.080066690092358,0.024974899328928827
3.2999999999999963,0.000919366189897769,1.1321753847617217e-06,1.0974760000000017,0.0249760000000037,-0.029100384600550876,0.0733816846270026,0.40992827691021394,0.008434533338371759,1.0965566338101038,0.024974867824618937
3.349999999999996,0.0009266060141367438,1.1551654898024068e-06,1.1139760000000032,0.0249760000000037,-0.029200809769886905,0.0734912577551016,0.41076827009995404,0.008436275806707562,1.1130493939858663,0.0249748448345139
3.399999999999996,0.0009266060141367438,1.1551654898024068e-06,1.1304760000000036,0.0249760000000037,-0.029301730085566358,0.07360212624698766,0.41161542533021606,0.00843817069741358,1.129549393985867,0.0249748448345139
3.4499999999999957,0.0009266060141367438,1.1551654898024068e-06,1.1469760000000027,0.0249760000000037,-0.029401917049460068,0.07371105440657344,0.41245188582413406,0.008439835687069215,1.1460493939858658,0.0249748448345139
3.4999999999999956,0.0009266060141367438,1.1551654898024068e-06,1.163476000000001,0.0249760000000037,-0.029502124638357476,0.07382000319116294,0.41328851131808164,0.008441500676724849,1.1625493939858642,0.0249748448345139
3.5499999999999954,0.000965756853866323,1.2839738127350753e-06,1.1799760000000008,0.0249760000000037,-0.029598261276423305,0.07391789312831872,0.41406461761896807,0.008441834638456268,1.1790102431461345,0.024974716026190964
3.599999999999995,0.0009753231719024369,1.3165982472093015e-06,1.196476000000002,0.0249760000000037,-0.02970150111031487,0.07403486666278479,0.41494547109239865,0.008444450581422843,1.1955006768280996,0.02497468340175649
3.649999999999995,0.0009851047060955298,1.350423939155964e-06,1.2129760000000038,0.0249760000000037,-0.029801730178128885,0.07414371459697225,0.41578177910040454,0.008446092270255879,1.2119908952939082,0.024974649576064545
3.699999999999995,0.0009975100785117874,1.3940027808022537e-06,1.229476000000005,0.0249760000000037,-0.029901744868610046,0.07425188209622025,0.4166145078593212,0.008447645186211468,1.228478489921493,0.0249746059972229
3.7499999999999947,0.0010094109338657786,1.436523551869289e-06,1.2459760000000044,0.0249760000000037,-0.03000208517615978,0.07436094463834278,0.41745211925801023,0.008449306564225333,1.2449665890661386,0.02497456347645183
3.7999999999999945,0.0010173720414113074,1.46535836541862e-06,1.262476000000003,0.0249760000000037,-0.03010277137574955,0.07447103997690302,0.4182952454106103,0.008451098781172091,1.2614586279585918,0.02497453464163828
3.8499999999999943,0.0010173720414113074,1.46535836541862e-06,1.2789760000000014,0.0249760000000037,-0.03020385907428085,0.07458238259027032,0.41914496665820467,0.008453052098283708,1.2779586279585902,0.02497453464163828
3.899999999999994,0.00104449222502917,1.5659357979076626e-06,1.2954759999999996,0.0249760000000037,-0.030301705214985524,0.07468351345718506,0.41994087468868235,0.00845367776041896,1.2944315077749704,0.024974434064205794
3.949999999999994,0.0010548951063208134,1.605479581671344e-06,1.3119759999999987,0.0249760000000037,-0.03040360029103813,0.07479728463625612,0.420803539709177,0.008455939875279617,1.310921104893678,0.02497439452042203
3.999999999999994,0.0010643336388511948,1.6418200650171164e-06,1.328475999999999,0.0249760000000037,-0.03050408357879484,0.074906613526802,0.4216427884223874,0.008457624752001366,1.327411666361148,0.024974358179938684
4.049999999999994,0.0010734244386361447,1.6772376252248195e-06,1.3449760000000006,0.0249760000000037,-0.03060453309655704,0.07501579053026537,0.42248129450728966,0.00845928713023016,1.3439025755613645,0.024974322762378477
4.099999999999993,0.0010807762696772583,1.706178685155366e-06,1.3614760000000024,0.0249760000000037,-0.030705123512157543,0.07512541131811301,0.4233221393210822,0.008461007201134374,1.3603952237303252,0.024974293821318546
4.149999999999993,0.0010907938029719733,1.746043126486251e-06,1.377976000000003,0.0249760000000037,-0.030805358315610744,0.07523374387015525,0.424156408743064,0.008462549629437049,1.376885206197031,0.024974253956877215
4.199999999999993,0.0011065657883648772,1.8098115689685344e-06,1.394476000000002,0.0249760000000037,-0.030905360286857718,0.07534112025313328,0.42498592215996395,0.008463954279290581,1.3933694342116372,0.02497419018843473
4.249999999999993,0.0011157113975004962,1.8473513005068457e-06,1.4109760000000005,0.0249760000000037,-0.031006406764599127,0.07545221899709639,0.42583450304678205,0.008465868996666145,1.4098602886025,0.024974152648703195
4.299999999999993,0.0011250848977872319,1.886255076083008e-06,1.427476,0.0249760000000037,-0.03110691276633373,0.0755613262447223,0.4266729560442241,0.00846750732921687,1.4263509151022127,0.02497411374492762
4.3499999999999925,0.0011389342071690678,1.944529393693512e-06,1.443976000000001,0.0249760000000037,-0.03120710454732944,0.07566914001162008,0.4275049782357981,0.00846895913605536,1.442837065792832,0.024974055470610008
4.399999999999992,0.0011411172854778329,1.953801645447091e-06,1.4604760000000028,0.0249760000000037,-0.03130857884092668,0.07578191160340364,0.4283619617773213,0.008471111002376566,1.459334882714525,0.024974046198358253
4.449999999999992,0.0011561653891173085,2.018356148130382e-06,1.4769760000000038,0.0249760000000037,-0.031408179570308774,0.0758872379378076,0.42918167003246555,0.008472201593809302,1.4758198346108866,0.02497398164385557
4.499999999999992,0.0011638137386481284,2.0515952515322156e-06,1.4934760000000036,0.0249760000000037,-0.03150934622626234,0.07599873136573432,0.43003231036798667,0.008474168597994663,1.4923121862613555,0.02497394840475217
4.549999999999992,0.0011721720613276088,2.0882501928315095e-06,1.5099760000000024,0.0249760000000037,-0.03160992317582541,0.07610780570677268,0.43087091553039236,0.008475787148751862,1.5088038279386748,0.024973911749810868
4.599999999999992,0.0011878082372077936,2.157748141869254e-06,1.5264760000000006,0.0249760000000037,-0.031710044979754506,0.07621482247617277,0.4316994698237091,0.008477100475508242,1.5252881917627927,0.02497384225186183
4.6499999999999915,0.001200238656622138,2.213858955238045e-06,1.542975999999999,0.0249760000000037,-0.03181094786074871,0.07632507081301568,0.4325440746950575,0.008478880562336564,1.541775761343377,0.024973786141048462
4.699999999999991,0.001209487921057989,2.256105189794327e-06,1.5594759999999979,0.0249760000000037,-0.031911861967626506,0.07643537968973403,0.43338896662944215,0.008480670042306194,1.5582665120789398,0.024973743894813907
4.749999999999991,0.001218968302306278,2.2998454998083654e-06,1.5759759999999978,0.0249760000000037,-0.03201255992185963,0.07654466345451755,0.4342288935055087,0.008482305434791983,1.5747570316976915,0.02497370015450389
4.799999999999991,0.0012318738544790098,2.3601021281958854e-06,1.5924759999999993,0.0249760000000037,-0.03211306698869552,0.07665293873950374,0.43506402291279705,0.008483785095392044,1.5912441261455204,0.024973639897875505
4.849999999999991,0.0012318738544790098,2.3601021281958854e-06,1.608976000000001,0.0249760000000037,-0.032214669336408194,0.07676644533416997,0.43592445868231267,0.008486052571002243,1.607744126145522,0.024973639897875505
4.899999999999991,0.0012318738544790098,2.3601021281958854e-06,1.625476000000002,0.0249760000000037,-0.03231545425458075,0.07687597102630486,0.43676570112354246,0.008487717480328403,1.624244126145523,0.024973639897875505
4.94999999999999,0.0012318738544790098,2.3601021281958854e-06,1.6419760000000012,0.024976000000003697,-0.03241625979775288,0.07698551734344065,0.43760710856477414,0.008489382389654814,1.6407441261455222,0.024973639897875502
4.99999999999999,0.0012733596030836958,2.5593727382366335e-06,1.6584759999999998,0.024976000000003693,-0.03251445330044707,0.07708164111976297,0.43838437768084015,0.008488988156060173,1.6572026403969162,0.024973440627265458
5.04999999999999,0.0012772424283338801,2.578458284534257e-06,1.674975999999999,0.0249760000000037,-0.03261761319752496,0.07720296803052845,0.43928232491221364,0.008492448539619711,1.673698757571665,0.024973421541719165
5.09999999999999,0.00128083777090085,2.5961971343517836e-06,1.691476,0.024976000000003714,-0.03271849219863811,0.07731262738155315,0.440124478320765,0.008494120987221911,1.6901951622290992,0.024973403802869363
5.14999999999999,0.0013038437501154965,2.7112161270260955e-06,1.7079760000000017,0.02497600000000372,-0.03281825117693021,0.07741581852017011,0.4409362787884013,0.008494774732045693,1.706672156249886,0.024973288783876696
5.1999999999999895,0.001314842623599738,2.7671288108150175e-06,1.7244760000000032,0.0249760000000037,-0.032919839784990954,0.07752915299372828,0.44179597111487695,0.008497012039759493,1.7231611573764034,0.024973232871192887
5.249999999999989,0.0013260777455141592,2.8248592799390834e-06,1.7409760000000032,0.024976000000003648,-0.03302075275667851,0.07763861011465349,0.442637451485328,0.00849863949675714,1.739649922254489,0.02497317514072371
5.299999999999989,0.0013375210069057342,2.8843000540608242e-06,1.757476000000002,0.02497600000000362,-0.03312168899415295,0.07774809313029998,0.44347912849781174,0.008500267454504197,1.7561384789930963,0.02497311569994956
5.349999999999989,0.0013473145627335426,2.935685174048939e-06,1.7739760000000002,0.02497600000000369,-0.033222741104831525,0.07785821881147079,0.4443238396652093,0.008501995753645575,1.7726286854372666,0.02497306431482964
5.399999999999989,0.0013519868955871317,2.9603670034816034e-06,1.7904759999999982,0.024976000000003884,-0.03332398389034083,0.07796956089044957,0.4451741791231616,0.00850391942859214,1.789124013104411,0.0249730396330004
5.449999999999989,0.0013620630632981134,3.013961807581733e-06,1.8069759999999968,0.024976000000004,-0.03342472530124174,0.0780774311242283,0.44600862570188016,0.008505277299616488,1.8056139369366986,0.024972986038196417
5.4999999999999885,0.0013750776746332682,3.08392814691082e-06,1.8234759999999968,0.02497600000000375,-0.033525616341117184,0.0781860807376679,0.44684678831514035,0.008506755123152517,1.8221009223253635,0.024972916071856838
5.549999999999988,0.001388466399793481,3.156778611224401e-06,1.8399759999999987,0.02497600000000303,-0.03362665495463163,0.07829558094124661,0.44768894358351297,0.00850836685459333,1.8385875336002053,0.024972843221391806
5.599999999999988,0.0014020820584572102,3.231771760364294e-06,1.856476000000001,0.02497600000000259,-0.033727722778886325,0.07840514550598557,0.4485314731394876,0.008509985281352238,1.8550739179415436,0.024972768228242227
5.649999999999988,0.0014120351006831622,3.2871709661154912e-06,1.8729760000000013,0.024976000000003457,-0.03382897567577516,0.07851607058712923,0.4493801850516176,0.00851182760216268,1.871563964899318,0.024972712829037343
5.699999999999988,0.0014233256897806246,3.3506072924136574e-06,1.8894759999999982,0.02497600000000611,-0.03393003565255802,0.07862533802957775,0.45022149472854306,0.008513390928956139,1.8880526743102175,0.024972649392713698
5.749999999999988,0.0014281687420796552,3.3780109844788185e-06,1.905975999999995,0.024976000000007846,-0.0340314278951775,0.07873731444469517,0.45107496935949065,0.00851540696181289,1.9045478312579154,0.024972621989023367
5.799999999999987,0.001438313836825994,3.435790961687809e-06,1.9224759999999972,0.024976000000004817,-0.03413237439120237,0.07884530546332465,0.45191071941810806,0.008516748775642338,1.9210376861631713,0.02497256420904313
5.849999999999987,0.0014494040568413524,3.499535289206236e-06,1.9389760000000076,0.024975999999995026,-0.03423351692908073,0.07895476369224089,0.45275312248528643,0.00851833271679241,1.9375265959431662,0.02497250046470582
5.899999999999987,0.0014613506440207258,3.568881408795697e-06,1.955476000000016,0.024975999999988233,-0.034334686758173194,0.0790642584296963,0.453595780751478,0.00851991841362345,1.9540146493559953,0.024972431118579438
5.949999999999987,0.0014751298055570572,3.649740338840546e-06,1.9719760000000068,0.024975999999998794,-0.03443584794923461,0.07917341403577431,0.4544370479400357,0.008521441159340896,1.9705008701944497,0.024972350259659954
5.999999999999987,0.0014888658242311892,3.7312793540154423e-06,1.9884759999999713,0.024976000000034863,-0.03453709796776783,0.07928322596331876,0.45528129572434634,0.008523071999152558,1.9869871341757401,0.024972268720680847
6.0499999999999865,0.0014981339781867664,3.786822934151454e-06,2.004975999999944,0.024976000000061335,-0.0346385032099641,0.07939463901331238,0.45613256889310594,0.008524978248256817,2.0034778660217576,0.024972213177127184
6.099999999999986,0.0015011912059622046,3.8052377920946554e-06,2.021475999999979,0.024976000000024673,-0.034739970002820725,0.07950676303991866,0.45698693217095754,0.008527008197542462,2.0199748087940166,0.02497219476223258
6.149999999999986,0.0015132351771035835,3.878232366504569e-06,2.03797600000011,0.024975999999891956,-0.0348410067840778,0.07961354683753402,0.45781821448644733,0.008528102867324996,2.0364627648230065,0.024972121767525453
6.199999999999986,0.0015254998819538845,3.953300921804818e-06,2.054476000000211,0.02497599999978915,-0.03494232990268249,0.07972337001057354,0.45866279965302414,0.00852972192531258,2.052950500118257,0.024972046698867344
6.249999999999986,0.0015381955675869419,4.0317898674107465e-06,2.070976000000084,0.02497599999991589,-0.03504366978929281,0.07983313340288174,0.4595072127686982,0.00853132640258837,2.069437804432497,0.02497196821004848
6.299999999999986,0.0015508438175347583,4.110777093056462e-06,2.0874759999995973,0.02497600000040362,-0.035145044050522094,0.07994308363837671,0.46035251075559525,0.008532959921496119,2.0859251561820624,0.02497188922331056
6.349999999999985,0.0015635213488853217,4.190739986816596e-06,2.103975999999201,0.024976000000801607,-0.03524643801793173,0.0800530262548294,0.46119785709104455,0.008534588235599558,2.1024124786503156,0.02497180926081479
6.399999999999985,0.001573564527156568,4.254650291939912e-06,2.120475999999638,0.02497600000036554,-0.035347907750961916,0.08016396612691351,0.4620474955115017,0.008536392071609826,2.1189024354724815,0.0249717453500736
6.449999999999985,0.001573564527156568,4.254650291939912e-06,2.136976000001428,0.024975999998575346,-0.03544953779577355,0.08027769078566167,0.4629089143257409,0.00853869580759774,2.1354024354742713,0.024971745348283406
6.499999999999985,0.0015880354547492814,4.347612777574801e-06,2.153476000002963,0.0249759999970392,-0.03555069989998849,0.08038255090866153,0.4637330032346001,0.0085394001921282,2.1518879645482136,0.024971652384261626
6.549999999999985,0.001596764899405162,4.404191578461937e-06,2.1699760000014696,0.02497599999853137,-0.035652280108590444,0.08049468556293388,0.4645878626860973,0.008541410562732084,2.1683792351020643,0.02497159580695291
6.5999999999999845,0.001596764899405162,4.404191578461937e-06,2.186475999994907,0.024976000005094093,-0.03575391620400439,0.08060803518535255,0.46544780555742776,0.008543641710732982,2.1848792350955017,0.024971595813515633
6.649999999999984,0.0016288171698768394,4.615162079792892e-06,2.2029759999889955,0.02497600001100722,-0.035854937395168054,0.08070634713644957,0.4662451381264705,0.008543125665006004,2.2013471828191187,0.024971384848927428
6.699999999999984,0.0016407802688875872,4.695204348939044e-06,2.2194759999940707,0.024976000005933623,-0.03595679583246883,0.08082366727286819,0.46712185242134807,0.008546070750552257,2.217835219725183,0.024971304801584684
6.749999999999984,0.0016518044034690982,4.769589985754519e-06,2.2359760000181,0.02497599998190492,-0.036058373567016785,0.08093413974443765,0.46797005324581775,0.008547764986175405,2.234324195614631,0.024971230391919168
6.799999999999984,0.0016615081243451235,4.83556276604727e-06,2.2524760000408044,0.024975999959200117,-0.03615995873506116,0.08104480536891519,0.4688190564159054,0.008549494596924577,2.250814491916459,0.02497116439643407
6.849999999999984,0.001670746961126901,4.898807081089631e-06,2.2689760000236805,0.024975999976322355,-0.03626153911676348,0.08115520178511616,0.4696669636075186,0.008551173841590987,2.2673052530625535,0.024971101169241266
6.8999999999999835,0.0016783810232783858,4.951384004898255e-06,2.28547599993581,0.0249760000641913,-0.03636314469928242,0.08126606172945103,0.4705168257149338,0.008552936577174975,2.2837976189125317,0.024971048680186403
6.949999999999983,0.0016903355045153057,5.034294539998072e-06,2.3019759998488296,0.024976000151170033,-0.03646478441534007,0.08137465349779671,0.4713577516525471,0.008554260777610788,2.3002856643443144,0.024970965856630035
6.999999999999983,0.0017066383049929301,5.148500473737545e-06,2.3184759999060978,0.024976000093901003,-0.03656651994756697,0.08148312662237969,0.47219858627978667,0.008555544128535758,2.316769361601105,0.024970851593427264
7.049999999999983,0.001714409756449431,5.203403776658428e-06,2.3349760002270172,0.024975999772982423,-0.03666832434903495,0.08159650876864502,0.47305933247071985,0.00855774941325906,2.333261590470568,0.024970796369205767
7.099999999999983,0.0017204449026990976,5.246246286307796e-06,2.3514760005595035,0.02497599944049775,-0.03676993726305844,0.081707594668601,0.47391012772663776,0.008559553791531917,2.349755555656804,0.024970753194211444
7.149999999999983,0.0017328716696804747,5.335028376207475e-06,2.367976000370029,0.024975999629973974,-0.036871364480372565,0.0818157767075591,0.47474856475172666,0.008560840424226009,2.3662431287003485,0.024970664601597768
7.199999999999982,0.0017497116945741908,5.456557667413864e-06,2.3844759991994438,0.024976000800559225,-0.036972783941793944,0.08192469366333116,0.4755899104205004,0.00856226851838804,2.3827262875048696,0.02497054424289181
7.249999999999982,0.0017497116945741908,5.456557667413864e-06,2.4009759979310528,0.02497600206894877,-0.03707481137017744,0.08204123364872101,0.4764641800755938,0.008565032814960679,2.3992262862364786,0.024970545511281358
7.299999999999982,0.0017497116945741908,5.456557667413864e-06,2.4174759985495187,0.02497600145048134,-0.0371776572619677,0.08215069226526574,0.47731339810893375,0.00856629238158058,2.4157262868549445,0.024970544892813928
7.349999999999982,0.0017757225360307272,5.647022212380562e-06,2.4339760028138726,0.024975997186127676,-0.037280910765262396,0.08224970894550312,0.4781224788430621,0.0085654853676649,2.4322002802778417,0.024970350163915293
7.399999999999982,0.0017909598104370317,5.760149247152128e-06,2.4504760076434353,0.02497599235656636,-0.03738166475126771,0.08236516131841701,0.47898730427873887,0.008568285060409391,2.4486850478329982,0.024970232207319205
7.4499999999999815,0.0018024370427197622,5.846117491017156e-06,2.4669760056592835,0.024975994340719843,-0.03747958643215234,0.08248086365249345,0.47984180033858315,0.008571671851493545,2.4651735686165637,0.024970148223228825
7.499999999999981,0.001819588753252499,5.9758019789236545e-06,2.483475990144795,0.024976009855209258,-0.03757644606562732,0.08259404367055129,0.48068195894471444,0.008574780496175993,2.4816564013915423,0.024970034053230335
7.549999999999981,0.001823123239128227,6.002706856598033e-06,2.499975971788645,0.02497602821135838,-0.037681801124776565,0.08270629762497356,0.4815523949990005,0.008576094571466094,2.498152848549517,0.02497002550450178
7.599999999999981,0.001835926372065616,6.10068217008128e-06,2.516475978010227,0.024976021989775308,-0.037798103973605154,0.08279909801784431,0.48238880796579786,0.008571617913188412,2.5146400516381613,0.024969921307605225
7.649999999999981,0.0018504952612843628,6.213154571449049e-06,2.532976034380073,0.02497596561992747,-0.037919466400354575,0.08288974411961034,0.4832368420798596,0.008565767184620144,2.5311255391187886,0.024969752465356022
7.699999999999981,0.0018634314684581876,6.313901229257576e-06,2.5494761040288356,0.024975895971163294,-0.03800909207482931,0.08301301328115049,0.4840884214239192,0.008572175467870702,2.5476126725603776,0.024969582069934035
7.7499999999999805,0.0018784092360472904,6.431579890296031e-06,2.5659760851297126,0.024975914870285245,-0.03805907190130271,0.0831740025701136,0.4849322978856653,0.00859332012739255,2.5640976758936653,0.02496948329039495
7.79999999999998,0.0018906499446851577,6.528576509575195e-06,2.582475880593029,0.02497611940696951,-0.03808735646273489,0.08335824782236603,0.4857824171404037,0.008623026925644029,2.5805852306483437,0.024969590830459937
7.84999999999998,0.0019046414765049868,6.64035316076482e-06,2.5989756167550997,0.024976383244900528,-0.03823096510713886,0.08342713957925346,0.4866324187455693,0.00860879513754564,2.5970709752785948,0.024969742891739765
7.89999999999998,0.001910847432505608,6.690241313689859e-06,2.6154756715239413,0.024976328476060662,-0.03852257942819763,0.08335384270395906,0.48750568852862675,0.008539288243002176,2.6135648240914358,0.02496963823474697
7.94999999999998,0.0019266619673613261,6.818230412520287e-06,2.6319764126622562,0.024975587337745637,-0.038904165066994276,0.08318524272226616,0.4883576311570417,0.00843449098195655,2.6300497506948948,0.024968769107333116
7.99999999999998,0.0019335791805750735,6.874600609849453e-06,2.64847741055214,0.02497458944786071,-0.0388675540607242,0.0834360060167316,0.4892142403098232,0.008489228944001408,2.646543831371565,0.024967714847250858
8.04999999999998,0.0019501300079995676,7.010436820546268e-06,2.664977263641664,0.024974736358335293,-0.03827859064802007,0.08422425122378138,0.4900113674872058,0.008751554395383108,2.6630271336336646,0.024967725921514746
8.09999999999998,0.001965310208041915,7.13621345956958e-06,2.6814745818896837,0.024977418110315595,-0.03732459408366029,0.08537654052092336,0.4908045384183346,0.009152751702335824,2.679509271681642,0.024970281896856024
8.14999999999998,0.0019786318380270174,7.247528388316703e-06,2.6979708133315596,0.02498118666844139,-0.03788181549382502,0.08503929505031593,0.4916844421765638,0.008982377058379221,2.6959921814935326,0.024973939140053074
8.199999999999982,0.0019915458393274243,7.356273839213857e-06,2.714471152059793,0.024980847940210087,-0.04050133858647488,0.08266850174749683,0.49267936133588686,0.008031840602099419,2.7124796062204655,0.024973491666370872
8.249999999999982,0.0020032919041247654,7.455899683525149e-06,2.7309808418789356,0.024971158121068548,-0.04458792578202775,0.07885179483077712,0.49375888245121946,0.006526451247380832,2.728977549974811,0.024963702221385022
8.299999999999983,0.002009415435463985,7.508107461031841e-06,2.747495053287498,0.0249569467125059,-0.043221148242875124,0.08041288415793754,0.49453612960325066,0.007084140174297603,2.7454856378520343,0.024949438605044866
8.349999999999984,0.002023076139902935,7.625242788961994e-06,2.7639945525053933,0.0249574474946097,-0.034163026934813656,0.08955122502865234,0.494857007853864,0.01055013297025499,2.76197147636549,0.024949822251820738
8.399999999999984,0.0020359062934997563,7.736095767863217e-06,2.7804595921601725,0.02499240783982897,-0.01926682142584779,0.10444803386306627,0.49485942115565623,0.01622499284518447,2.778423685866673,0.024984671744061108
8.449999999999985,0.0020466676733852385,7.829701397610476e-06,2.796906075717422,0.02504592428257821,-0.02399479999026958,0.09999954778897119,0.49597739111696304,0.014477094818800306,2.7948594080440365,0.0250380945811806
8.499999999999986,0.002056381969119586,7.914690367040015e-06,2.813405165441681,0.025046834558318392,-0.057410832206533834,0.06726960121578382,0.49872173368927064,0.0018778607636666645,2.8113487834725617,0.025038919867951353
8.549999999999986,0.002056381969119586,7.914690367040015e-06,2.830031110992738,0.024920889007262366,-0.11384747126903041,0.01184899939633139,0.5027858826614472,-0.019428280356704575,2.8279747290236186,0.024912974316895327
8.599999999999987,0.002094045908595965,8.248613296007098e-06,2.846732363606382,0.02471963639361997,-0.09987570213536193,0.025819877395918955,0.5027823181251235,-0.014105871378941518,2.844638317697786,0.024711387780323963
8.649999999999988,0.0021039010526360535,8.337144001044806e-06,2.863245872825453,0.024706127174551135,0.021089614203759204,0.14529164660496452,0.4968081296048213,0.03169166872547119,2.861141971772817,0.02469779003055009
8.699999999999989,0.0021159871100487337,8.446379284817758e-06,2.879292850128097,0.02515914987190754,0.23213019837986226,0.3535497491824158,0.48567820321021393,0.11155808524995772,2.8771768630180485,0.025150703492622724
8.74999999999999,0.0021175141725603974,8.460343091641394e-06,2.895037039014813,0.025914960985190794,0.1913700966435435,0.31358378535226394,0.48885475483488183,0.09618169180872523,2.892919524842253,0.025906500642099154
8.79999999999999,0.0021331391716319092,8.606442956570534e-06,2.9114498542909284,0.026002145709074064,-0.24838511477664735,-0.1197271842013016,0.514631722301383,-0.07011662837675219,2.9093167151192967,0.025993539266117492
8.84999999999999,0.0019929457305546405,7.192155652394646e-06,2.9295767843870375,0.024375215612965132,-1.0381739063389779,-0.8980408270527337,0.5605323171449765,-0.368802806360326,2.9275838386564828,0.02436802345731274
8.899999999999991,0.002086166474846246,8.222487082922109e-06,2.9489115243835387,0.021540475616465802,-0.9307794101786361,-0.7920464911317805,0.554931676187422,-0.32815731453531743,2.9468253579086925,0.02153225312938288
8.949999999999992,0.0017259135315804974,5.632381191941479e-06,2.965870497221758,0.021081502778248322,0.6645003434614543,0.7809920762442717,0.46596693113126986,0.27533188946775733,2.9641445836901776,0.02107587039705638
8.999999999999993,0.0010050315396309684,4.0265420599420714e-06,2.976520101130819,0.02693189886918831,3.69765988164573,3.771483192325109,0.29529324271751556,1.4226939188515884,2.975515069591188,0.026927872327128368
9.049999999999994,0.0008910908385072747,3.7449253637271135e-06,2.979219078185328,0.04073292181467897,6.0,6.0,0.15020982124070778,2.3895734181477275,2.978327987346821,0.04072917688931524
9.099999999999994,0.0004483675815351029,-1.1150284918626637e-06,2.9772702584864725,0.05918174151353307,6.0,6.0,0.0901913916330892,2.798881485848732,2.9768218909049375,0.05918285654202494
9.149999999999995,0.001897540417719612,0.00010328602747404336,2.974614786073408,0.07833721392659729,6.0,6.0,0.10989276041232265,2.6527129950718438,2.9727172456556885,0.07823392789912324
9.199999999999996,0.005053118406534024,0.0004546027482839011,2.973837352175441,0.095614647824566,6.0,6.0,0.14610523982839696,2.3962985555055236,2.9687842337689068,0.09516004507628209
9.249999999999996,0.010775551942746153,0.001459642429784479,2.974337333432837,0.11161466656717221,5.970811194093852,6.0,0.1589142063343658,2.2821620837659613,2.9635617814900908,0.11015502413738773
9.299999999999997,0.014200616092494428,0.002305873991570813,2.9750581381652332,0.12739386183477738,6.0,6.0,0.156720906940791,2.325627819248136,2.9608575220727387,0.12508798784320657
9.349999999999998,0.014970166709891819,0.0025354643068975892,2.9752812473254995,0.14367075267451038,6.0,6.0,0.15010934609946944,2.4078001554251975,2.9603110806156074,0.1411352883676128
9.399999999999999,0.0166244289628176,0.003117161362568956,2.975153487680253,0.16029851231975598,6.0,6.0,0.14401227623266022,2.4410414983696644,2.9585290587174353,0.15718135095718702
9.45,0.018437634966586597,0.003919367102002849,2.97495807187607,0.1769939281239384,6.0,6.0,0.14503093344326246,2.4352927617052855,2.9565204369094835,0.17307456102193555
9.5,0.02059299331273509,0.00506702355937907,2.9748942508768303,0.19355774912317916,6.0,6.0,0.14731913965785196,2.4177705375360494,2.9543012575640955,0.1884907255638001
9.55,0.0210311122757717,0.00534916491206492,2.974926748710351,0.2100252512896607,6.0,6.0,0.15121602971651082,2.423089300032647,2.9538956364345794,0.2046760863775958
9.600000000000001,0.02139674711116521,0.005625410647755592,2.9749796692433983,0.22647233075661516,6.0,6.0,0.15102637346744183,2.430635140938435,2.953582922132233,0.22084692010885956
9.650000000000002,0.022347680250382085,0.0064829557077366205,2.9749978884571835,0.24295411154283036,6.0,6.0,0.14934739721936788,2.435272121668782,2.9526502082068014,0.23647115583509373
9.700000000000003,0.023124889697298617,0.007353993743712933,2.974989671018586,0.25946232898142657,6.0,6.0,0.14923297660675175,2.4428014152959543,2.9518647813212873,0.25210833523771364
9.750000000000004,0.023379212755359008,0.007712239261881585,2.9749753294327648,0.27597667056724634,6.0,6.0,0.15010393088221813,2.4528623103705867,2.951596116677406,0.26826443130536476
9.800000000000004,0.023367862340731432,0.007693275403011113,2.974970077870833,0.2924819221291768,6.0,6.0,0.15074514392048882,2.4607422494280757,2.951602215530101,0.28478864672616566
9.850000000000005,0.023252322078783833,0.007459752644000583,2.974972115827021,0.3089798841729876,6.0,6.0,0.15104009297368176,2.4677966468834995,2.951719793748237,0.30152013152898705
9.900000000000006,0.02320689018525174,0.007337866487339654,2.974976097684458,0.3254759023155506,6.0,6.0,0.15095531452151187,2.4723181533567526,2.9517692074992063,0.318138035828211
9.950000000000006,0.02313707014079855,0.007095200165015302,2.9749778470051815,0.3419741529948284,6.0,6.0,0.1509681883526363,2.4795072877528193,2.951840776864383,0.3348789528298131
10.000000000000007,0.02313707014079855,0.007095200165015302,2.974977458067256,0.35847454193275563,6.0,6.0,0.15085767597523808,2.4828393879164343,2.9518403879264574,0.3513793417677403
