t,x_actual,y_actual,x_deseada,y_deseada,Ref_Izq,Ref_Der,Vel_Lineal,Vel_Angular,error_x,error_y
0.05,0.3,0.0,0.0249760000000037,0.0249760000000037,0.611796459000082,0.48112208100007986,-0.5226975120000082,0.20817496000003083,-0.27502399999999627,0.0249760000000037
0.1,0.3,0.0,0.03322600000000283,0.0249760000000037,0.10350827737501839,0.11546880262501405,0.04784210099998265,0.04170992000000618,-0.2667739999999972,0.0249760000000037
0.15000000000000002,0.2935468689271216,0.0618888983831775,0.041476000000002025,0.0249760000000037,-1.3450685523164867,-1.33577588046251,0.037170687415907504,-0.510637034815047,-0.2520708689271196,-0.0369128983831738
0.2,0.27551928789559876,0.11844734293212442,0.049726000000001366,0.0249760000000037,-1.6492711428654048,-1.6411317641568728,0.032557514834127735,-0.6267434108613862,-0.22579328789559738,-0.09347134293212071
0.25,0.2774349966406948,0.11385255037616591,0.0579760000000009,0.0249760000000037,-0.5156951896184071,-0.5034767281674307,0.04887384580390523,-0.19412798434015957,-0.2194589966406939,-0.08887655037616221
0.3,0.2998309007443311,-0.0075038548094967005,0.06622600000000071,0.0249760000000037,2.2671384573707374,2.270310493432375,0.012688144246550043,0.8642759906291643,-0.23360490074433038,0.0324798548095004
0.35,0.2998850327774405,-0.007503807946925455,0.07447600000000087,0.0249760000000037,0.14801776401457845,0.1648707745694062,0.06741204221931098,0.05959781687313993,-0.22540903277743962,0.03247980794692915
0.39999999999999997,0.1571311913205083,-0.2558031176608181,0.08272600000000141,0.0249760000000037,6.0,6.0,-0.31911431021428155,2.3285754813978046,-0.07440519132050688,0.2807791176608218
0.44999999999999996,0.29925863466474334,-0.021678605922433727,0.09097600000000222,0.0249760000000037,-3.991464295010296,-4.03526398033272,-0.1751987412896994,-1.5289006238748604,-0.20828263466474112,0.04665460592243743
0.49999999999999994,-0.1242753651545532,0.27294623767159204,0.09922600000000315,0.0249760000000037,-6.0,-6.0,-1.1218060829266667,-2.4689095945779354,0.22350136515455635,-0.24797023767158835
0.5499999999999999,0.05127460620278808,0.29574223519471754,0.10747600000000404,0.0249760000000037,0.9864050641960369,0.9357812479483785,-0.2024952649906336,0.3661307261227458,0.05620139379721596,-0.2707662351947138
0.6,0.22182241135209624,-0.20446061253546002,0.11572600000000471,0.0249760000000037,5.97991848480896,5.750832014704273,-0.9163458804187463,2.2344286665739492,-0.10609641135209152,0.2294366125354637
0.65,0.16348988611126508,-0.25331092222088264,0.12397600000000508,0.0249760000000037,3.167288302254706,3.1544227852904374,-0.051462067857072365,1.204135445246694,-0.03951388611126,0.27828692222088636
0.7000000000000001,0.29700780691870604,0.05014924392718555,0.13222600000000498,0.0249760000000037,-5.063043355314145,-5.130550496210889,-0.2700285635869795,-1.9416369241000064,-0.16478180691870106,-0.025173243927181847
0.7500000000000001,-0.21895831195802393,0.20576268822159682,0.1404760000000045,0.0249760000000037,-5.637606176798801,-5.95977456145399,-1.2886735386207575,-2.2090249025243414,0.35943431195802844,-0.18078668822159313
0.8000000000000002,0.14024853364126263,0.26486787672209894,0.1487260000000038,0.0249760000000037,3.20005729400973,3.084836396630465,-0.46088358951706043,1.1971226077409896,0.008477466358741165,-0.23989187672209525
0.8500000000000002,-0.21511541937021855,-0.20839103336291928,0.1569760000000031,0.0249760000000037,0.04768700462973163,-0.33075043826431627,-1.5137497715761916,-0.05391684450182565,0.37209141937022167,0.23336703336292297
0.9000000000000002,-0.060617814605393054,-0.29348618526915227,0.16522600000000254,0.0249760000000037,-0.6880225391772248,-0.7678388225137076,-0.319265133345931,-0.2773069260363681,0.2258438146053956,0.318462185269156
0.9500000000000003,0.027348206851353092,-0.29904435900581205,0.17347600000000232,0.0249760000000037,0.8271790820282707,0.7855680965521037,-0.16644394190466852,0.3071899387772142,0.14612779314864924,0.3240203590058158
1.0000000000000002,0.027348206851353092,-0.29904435900581205,0.18172600000000255,0.0249760000000037,2.3869517801581353,2.351767063482912,-0.14073886670089134,0.9026131130744851,0.15437779314864947,0.3240203590058158
1.0500000000000003,0.027348206851353092,-0.29904435900581205,0.18997600000000317,0.0249760000000037,2.4237261910246883,2.388587435468287,-0.14055502222560692,0.9166311669510429,0.16262779314865008,0.3240203590058158
1.1000000000000003,-0.041003451021962053,-0.2967720692720226,0.19822600000000404,0.0249760000000037,3.6112761334214682,3.5562325541155784,-0.22017431722355923,1.3652397500070566,0.23922945102196608,0.3217480692720263
1.1500000000000004,0.28076357117550177,-0.11461585029307979,0.206476000000005,0.0249760000000037,-3.999334464343337,-4.0866963141685595,-0.34944739930088925,-1.5401963387641706,-0.07428757117549678,0.1395918502930835
1.2000000000000004,0.0031288745682180145,0.29993050419831674,0.21472600000000588,0.0249760000000037,-6.0,-6.0,-0.9635949038065169,-2.81674155277993,0.21159712543178788,-0.274954504198313
1.2500000000000004,-0.07901594958393658,0.28885758004304035,0.22297600000000656,0.0249760000000037,-3.9002026749630656,-3.9599055563824455,-0.23881152567751857,-1.4971634726372403,0.30199194958394315,-0.26388158004303663
1.3000000000000005,-0.022464581579528624,0.2989767496754067,0.23122600000000684,0.0249760000000037,-1.5761636600083302,-1.6190500085481159,-0.17154539415914227,-0.608612127344085,0.25369058157953545,-0.274000749675403
1.3500000000000005,-0.2092581976292617,-0.21289655803246824,0.23947600000000677,0.0249760000000037,-2.0418256962630505,-2.381985406832831,-1.3606388422791231,-0.8426306863039775,0.44873419762926847,0.23787255803247193
1.4000000000000006,-0.24509646386078482,0.16861306677626142,0.24772600000000639,0.0249760000000037,3.6837437106836535,3.463013909194354,-0.8829192059571976,1.361287165691049,0.4928224638607912,-0.14363706677625773
1.4500000000000006,0.17373222936945343,0.24645188093327314,0.2559760000000058,0.0249760000000037,3.1642142866146648,3.022082856008372,-0.5685257224251726,1.1783423128805783,0.08224377063055238,-0.22147588093326945
1.5000000000000007,-0.27312758247796726,0.11879931532850938,0.264226000000005,0.0249760000000037,-6.0,-6.0,-1.1519842320203073,-2.415542941566584,0.5373535824779723,-0.09382331532850567
1.5500000000000007,-0.13979387054862472,-0.2644719309957716,0.27247600000000416,0.0249760000000037,-2.7207535343087055,-2.9360660179001967,-0.8612499343659645,-1.0774894385159814,0.41226987054862885,0.2894479309957753
1.6000000000000008,-0.2853355941073847,0.08868683955820532,0.28072600000000325,0.0249760000000037,4.3241785379065245,4.088829438729398,-0.9413963967085051,1.6024777098354137,0.5660615941073879,-0.06371083955820162
1.6500000000000008,0.28016078725604115,0.10946329159288207,0.2889760000000024,0.0249760000000037,2.447924122775567,2.2206812628415147,-0.9089714397362088,0.8892581686889679,0.008815212743961243,-0.08448729159287836
1.7000000000000008,0.23190995046705282,0.1908365758833342,0.29722600000000166,0.0249760000000037,-3.4042510236593126,-3.383045042037003,0.08482392648924003,-1.2928182982278695,0.06531604953294884,-0.1658605758833305
1.7500000000000009,-0.2718799462215349,0.1285819972413815,0.30547600000000114,0.0249760000000037,-5.957869116271951,-6.0,-1.3057405723083446,-2.331842547737331,0.5773559462215361,-0.1036059972413778
1.800000000000001,-0.1901242668106665,0.23328349303022822,0.31372600000000084,0.0249760000000037,-0.07166586437310407,-0.17533251333641153,-0.41466659585322985,-0.04704731003990773,0.5038502668106674,-0.20830749303022453
1.850000000000001,0.11155644873834117,-0.27806561540345437,0.3219760000000009,0.0249760000000037,1.4487234549299717,1.147007725868983,-1.2068629162439555,0.49442498681884856,0.2104195512616597,0.3030416154034581
1.900000000000001,-0.13308799254743087,0.2688610029363194,0.33022600000000135,0.0249760000000037,-2.1930938693838895,-2.5657823431144857,-1.4907538949223849,-0.9064526119044524,0.4633139925474322,-0.24388500293631574
1.950000000000001,-0.2751321129934057,0.12162140552994447,0.3384760000000021,0.0249760000000037,-4.641385230937644,-4.793601901279594,-0.6088666813677969,-1.7971404061366165,0.6136081129934078,-0.09664540552994076
2.000000000000001,-0.17648234968970467,0.2441968228215692,0.3467260000000031,0.0249760000000037,0.09153495934971122,-0.016764649744171342,-0.43319843637553024,0.014241963734388546,0.5232083496897078,-0.21922082282156552
2.0500000000000007,0.17292084681193315,-0.24319142787499198,0.354976000000004,0.0249760000000037,2.8023951429584,2.515514059568401,-1.1475243335599965,1.012935086195581,0.18205515318807086,0.2681674278749957
2.1000000000000005,-0.06467193976193822,-0.29306522201749036,0.36322600000000477,0.0249760000000037,6.0,6.0,-0.4355466571991394,2.668931746979916,0.427897939761943,0.3180412220174941
2.1500000000000004,0.26529521699311165,0.13464652827270868,0.37147600000000525,0.0249760000000037,-5.373983160832103,-5.570048475284751,-0.7842612578105936,-2.0845774544984486,0.1061807830068936,-0.10967052827270497
2.2,-0.3017579161850592,-0.03441237522539113,0.3797260000000052,0.0249760000000037,-1.2873327768734604,-1.7102470570419248,-1.6916571206738569,-0.5709675874124543,0.6814839161850644,0.059388375225394835
2.25,-0.2782614247869022,-0.11959129817823008,0.3879760000000048,0.0249760000000037,-0.22843705969817898,-0.3608023692577669,-0.5294612382383515,-0.11223608170589444,0.666237424786907,0.14456729817823377
2.3,-0.16904841260845302,0.2520309351796193,0.3962260000000041,0.0249760000000037,2.3756412511656344,2.1622167655143563,-0.853697942605112,0.8643539079390459,0.5652744126084571,-0.22705493517961559
2.3499999999999996,-0.15257264246847166,0.26210410754739366,0.40447600000000333,0.0249760000000037,-2.6499685221818363,-2.7332010644891587,-0.3329301692292911,-1.02536563555638,0.557048642468475,-0.23712810754738997
2.3999999999999995,-0.2586382204038143,0.1628029100672485,0.41272600000000265,0.0249760000000037,-4.350678563738745,-4.487784792025346,-0.5484249131464085,-1.6835168296693508,0.6713642204038169,-0.13782691006724482
2.4499999999999993,-0.1693186149605677,0.25243259932771406,0.42097600000000224,0.0249760000000037,-0.7724956612075404,-0.875236033017879,-0.41096148724135445,-0.313853656042937,0.5902946149605699,-0.22745659932771037
2.499999999999999,0.24757688553131463,-0.15956448662696127,0.4292260000000023,0.0249760000000037,4.285624314023704,4.045515707665886,-0.9604344254312713,1.58688381365516,0.18164911446868764,0.18454048662696496
2.549999999999999,-0.26145335698574107,-0.155769959742785,0.43747600000000275,0.0249760000000037,6.0,6.0,-1.368656156107046,2.4731793446231443,0.6989293569857438,0.1807459597427887
2.5999999999999988,0.09156066240995098,-0.28254254122556155,0.4457260000000035,0.0249760000000037,-1.6046651503356308,-1.7288171343248182,-0.49660793595674935,-0.6349490066019903,0.35416533759005253,0.30751854122556527
2.6499999999999986,-0.06470732496205968,0.29545610510444054,0.45397600000000443,0.0249760000000037,-4.141398848838077,-4.494948323639975,-1.4141978992075903,-1.6450185090434384,0.5186833249620642,-0.2704801051044368
2.6999999999999984,0.2930959634386107,-0.0011075236833422264,0.4622260000000053,0.0249760000000037,5.330678840532941,5.218616752382704,-0.4482483526009456,2.009389636745837,0.16913003656139458,0.026083523683345926
2.7499999999999982,0.22997039813322906,-0.18293315811556107,0.47047600000000606,0.0249760000000037,5.557624259885671,5.571480843532843,0.05542633458868609,2.1198295435082883,0.240505601866777,0.20790915811556476
2.799999999999998,0.22997039813322906,-0.18293315811556107,0.4787260000000064,0.0249760000000037,2.375527793956452,2.421117798469622,0.18236001805267885,0.9136467795097284,0.24875560186677736,0.20790915811556476
2.849999999999998,0.21786910615940547,-0.19864044286705324,0.4869760000000064,0.0249760000000037,2.9383331108955604,2.9790758334998095,0.16297089041699514,1.1271255132181657,0.26910689384060094,0.22361644286705692
2.8999999999999977,0.14599343744259857,0.25972890848546176,0.4952260000000061,0.0249760000000037,-6.0,-6.0,-0.6339116265821642,-3.20293476625456,0.34923256255740753,-0.23475290848545807
2.9499999999999975,-0.27655713901239276,0.13159656365599612,0.5034760000000055,0.0249760000000037,-6.0,-6.0,-1.1938530813599348,-2.672693796294414,0.7800331390123982,-0.10662056365599241
2.9999999999999973,-0.25452255393139284,0.17110775530935912,0.5117260000000048,0.0249760000000037,-1.4536587322261472,-1.5839697300800664,-0.5212439914156777,-0.5785958975821359,0.7662485539313977,-0.14613175530935543
3.049999999999997,-0.007256484000267834,0.30134330063547354,0.5199760000000039,0.0249760000000037,0.4170154373867448,0.3173933228895304,-0.3984884579888576,0.1398873829097667,0.5272324840002717,-0.2763673006354698
3.099999999999997,-0.007256484000267834,0.30134330063547354,0.528226000000003,0.0249760000000037,-3.982527948962623,-4.017146227688653,-0.13847311490412184,-1.5237474622192908,0.5354824840002708,-0.2763673006354698
3.149999999999997,0.05024274933618251,-0.2934968714433963,0.5364760000000021,0.0249760000000037,5.1145089166443265,4.798264507790397,-1.2649776354157156,1.8881473189399474,0.48623325066381956,0.31847287144340003
3.1999999999999966,-0.10548793795273328,-0.28200340095452087,0.5447260000000013,0.0249760000000037,6.0,6.0,-0.3962543618546997,2.457133995126828,0.6502139379527345,0.3069794009545246
3.2499999999999964,0.2900308861587557,-0.03907668454723321,0.5529760000000006,0.0249760000000037,-4.436007544329315,-4.536963119078844,-0.40382229899811184,-1.7091372692206017,0.26294511384124486,0.06405268454723691
3.2999999999999963,-0.2814924529935937,0.12341912684822158,0.5612260000000002,0.0249760000000037,-3.031241984304957,-3.47011940649522,-1.7555096887610506,-1.238354550628605,0.8427184529935939,-0.09844312684821788
3.349999999999996,-0.2726342946695228,-0.1377559376039399,0.5694760000000001,0.0249760000000037,-2.170409031484032,-2.372090567809997,-0.8067261453038579,-0.8652380189131484,0.8421102946695229,0.16273193760394358
3.399999999999996,0.018655410334951855,0.3002632500332616,0.5777260000000004,0.0249760000000037,0.3513090703461047,0.09649335035614862,-1.0192628799598242,0.08529569918138158,0.5590705896650485,-0.2752872500332579
3.4499999999999957,0.24649668498159127,-0.15893169768454332,0.585976000000001,0.0249760000000037,6.0,6.0,-0.6201299230695223,2.6787896821231403,0.3394793150184098,0.183907697684547
3.4999999999999956,0.011541449599096462,-0.2976989114469755,0.5942260000000019,0.0249760000000037,6.0,6.0,-0.37728735552458,3.2641453482148335,0.5826845504009055,0.32267491144697924
3.5499999999999954,0.2317248100376162,0.1820594107422364,0.6024760000000028,0.0249760000000037,-6.0,-6.0,-0.6738204412475244,-2.638695596509352,0.3707511899623866,-0.1570834107422327
3.599999999999995,-0.040358931544948067,-0.29642365629435147,0.6107260000000037,0.0249760000000037,6.0,6.0,-1.2257144647986022,3.119614697554528,0.6510849315449517,0.3213996562943552
3.649999999999995,0.20965518261499078,-0.2036857259825183,0.6189760000000042,0.0249760000000037,-1.0627398514794222,-1.06939147008615,-0.02660647442691092,-0.4061202517267756,0.4093208173850134,0.228661725982522
3.699999999999995,0.2210140986052427,0.19412721996976615,0.6272260000000043,0.0249760000000037,-6.0,-6.0,-0.2760983866779735,-3.0489200803148324,0.4062119013947616,-0.16915121996976246
3.7499999999999947,0.2477970155875136,0.1555782122440651,0.635476000000004,0.0249760000000037,-1.4331810630795174,-1.3600122745174597,0.292675154248231,-0.532036826208948,0.38767898441249043,-0.1306022122440614
3.7999999999999945,0.19348219711591363,-0.21841598924457722,0.6437260000000034,0.0249760000000037,6.0,6.0,-0.28315416489172385,3.2572834975752567,0.4502438028840897,0.24339198924458091
3.8499999999999943,-0.16055377779860447,0.2610686382576276,0.6519760000000027,0.0249760000000037,-4.928150653024059,-5.325479020462381,-1.5893134697532885,-1.9530723187593217,0.8125297777986071,-0.23609263825762392
3.899999999999994,-0.2198587400039246,0.21576598333872643,0.660226000000002,0.0249760000000037,-4.597094722517285,-4.72993629200862,-0.5313662779653407,-1.7765773361001724,0.8800847400039266,-0.19078998333872274
3.949999999999994,-0.07939890856133852,0.293844120516682,0.6684760000000015,0.0249760000000037,-1.8082465689874385,-1.8955763432361774,-0.3493190969949557,-0.705490078518784,0.7478749085613401,-0.2688681205166783
3.999999999999994,0.16636353872279225,-0.24204638114622176,0.6767260000000014,0.0249760000000037,5.973245139653578,5.722132617650603,-1.0044500880118978,2.2276910013912725,0.5103624612772091,0.26702238114622545
4.049999999999994,-0.27766717216046344,-0.1301297638275447,0.6849760000000018,0.0249760000000037,6.0,6.0,-1.3410728545456558,2.7288844152683738,0.9626431721604652,0.1551057638275484
4.099999999999993,0.24251710355355288,-0.16368689426789676,0.6932260000000025,0.0249760000000037,-1.7286074745396942,-1.8802273374659515,-0.6064794517050298,-0.6873971070486944,0.45070889644644957,0.18866289426790045
4.149999999999993,0.026245138032879062,-0.29663592210148637,0.7014760000000033,0.0249760000000037,6.0,6.0,-0.3162582589174618,3.3589622669287067,0.6752308619671242,0.3216119221014901
4.199999999999993,0.16588647046827718,-0.2431500068421201,0.7097260000000043,0.0249760000000037,1.476361790467742,1.497922850323924,0.086244239424727,0.5665304077698411,0.5438395295317271,0.2681260068421238
4.249999999999993,0.07874628915822822,-0.2859226631308802,0.717976000000005,0.0249760000000037,6.0,6.0,-0.03374224599884808,2.4351406611837176,0.6392297108417768,0.31089866313088393
4.299999999999993,0.14421661479329345,-0.2580420650388071,0.7262260000000055,0.0249760000000037,3.066314227602451,3.0923491940749104,0.10413986588983706,1.173078746986164,0.5820093852067121,0.28301806503881083
4.3499999999999925,0.2855400100691603,0.06913708414908064,0.7344760000000056,0.0249760000000037,-6.0,-6.0,-0.017800769149111807,-2.296949244531139,0.44893598993084527,-0.044161084149076935
4.399999999999992,-0.3012649586821839,0.05687928642053899,0.7427260000000053,0.0249760000000037,-2.923092696089427,-3.3876433501100034,-1.8582026160823066,-1.202044961180844,1.0439909586821892,-0.03190328642053529
4.449999999999992,0.02533933072121803,0.2995540440239529,0.7509760000000049,0.0249760000000037,0.3076241313943983,0.1506382578936024,-0.6279434940031837,0.08728807415009537,0.7256366692787868,-0.2745780440239492
4.499999999999992,0.0483940191019541,-0.2938870180150008,0.7592260000000041,0.0249760000000037,6.0,6.0,-1.2331246848021098,2.4776846018596554,0.71083198089805,0.3188630180150045
4.549999999999992,0.129609849827656,-0.26608371185276497,0.7674760000000032,0.0249760000000037,3.1187389608824048,3.1386517198610595,0.07965103591462003,1.1918839391892313,0.6378661501723472,0.2910597118527687
4.599999999999992,0.03133880207309227,0.2989130116483521,0.7757260000000022,0.0249760000000037,-6.0,-6.0,-1.1573670789274964,-3.0759348625808327,0.74438719792691,-0.2739370116483484
4.6499999999999915,-0.26216578284191994,-0.15520375363347644,0.7839760000000013,0.0249760000000037,-1.2845050534336782,-1.6941091288039427,-1.6384163014810575,-0.5673550823309754,1.0461417828419213,0.18017975363348013
4.699999999999991,-0.2843009433020636,0.11250876526593794,0.7922260000000005,0.0249760000000037,2.2730600105079684,2.0378420137812667,-0.9408719869068073,0.8211241951027114,1.076526943302064,-0.08753276526593423
4.749999999999991,-0.24174306542062612,0.18572205803541142,0.8004759999999999,0.0249760000000037,-1.7899505523645873,-1.950032242198137,-0.6403267593341982,-0.7123776751548047,1.042219065420626,-0.16074605803540773
4.799999999999991,0.2910641598286018,-0.04611317513924266,0.8087259999999994,0.0249760000000037,3.5743825753188414,3.4050175252992316,-0.6774602000784403,1.3294095429748711,0.5176618401713976,0.07108917513924636
4.849999999999991,0.24064613154922873,-0.17069909977474684,0.8169759999999993,0.0249760000000037,5.418254479065004,5.489263280405515,0.28403520536204185,2.077622430375337,0.5763298684507705,0.19567509977475053
4.899999999999991,0.24064613154922873,-0.17069909977474684,0.8252259999999993,0.0249760000000037,3.1405156688526192,3.2274220088594916,0.347625360027488,1.212940510040402,0.5845798684507706,0.19567509977475053
4.94999999999999,0.2885924096285224,-0.06075786162412571,0.833476,0.0249760000000037,-0.8730965644499605,-0.7716090548376661,0.4059500384491779,-0.3132772608166908,0.5448835903714776,0.08573386162412941
4.99999999999999,0.18149060605274475,0.23550404461034308,0.8417260000000008,0.0249760000000037,-6.0,-6.0,-0.07790052899480107,-3.3919528539214765,0.660235393947256,-0.2105280446103394
5.04999999999999,-0.0028783025878635024,0.3013263946897631,0.8499760000000017,0.0249760000000037,-6.0,-6.0,-0.2565451500965438,-3.334797247859286,0.8528543025878652,-0.27635039468975936
5.09999999999999,0.24323312882587603,-0.1647430051405619,0.8582260000000026,0.0249760000000037,6.0,6.0,-0.554620603279182,2.886938746459173,0.6149928711741266,0.18971900514056558
5.14999999999999,-0.1714875694130123,0.24942505184607197,0.8664760000000032,0.0249760000000037,-6.0,-6.0,-1.6460454330257603,-2.537825135621276,1.0379635694130156,-0.22444905184606828
5.1999999999999895,-0.02421923606662848,0.299754100968219,0.8747260000000036,0.0249760000000037,-2.9499244610715016,-3.0152912254579403,-0.26146705754575383,-1.1362315593389414,0.898945236066632,-0.27477810096821526
5.249999999999989,0.24546277447204032,0.16792346076065331,0.8829760000000033,0.0249760000000037,1.4735951940539098,1.4970242605487,0.09371626597916095,0.5658322770671638,0.637513225527963,-0.14294746076064963
5.299999999999989,-0.2006172350327258,-0.22563272523442518,0.8912260000000027,0.0249760000000037,5.807766577275352,5.3658912831707095,-1.767501176418572,2.128315782942107,1.0918432350327285,0.2506087252344289
5.349999999999989,-0.2684378184164598,-0.13848478271525647,0.899476000000002,0.0249760000000037,4.543924940848213,4.349527776649842,-0.7775886567934857,1.6939909938091535,1.167913818416462,0.16346078271526016
5.399999999999989,-0.07469957640648468,-0.2910647649175956,0.9077260000000013,0.0249760000000037,1.704870327109253,1.5734839604113209,-0.5255454667917286,0.6244484357182045,0.982425576406486,0.3160407649175993
5.449999999999989,-0.05187330158636355,0.2956749179405392,0.9159760000000007,0.0249760000000037,-3.469596812792728,-3.818815064429519,-1.3968730065471637,-1.3882689289947137,0.9678493015863643,-0.27069891794053547
5.4999999999999885,-0.3006360288135759,-0.0249051087922115,0.9242260000000004,0.0249760000000037,-4.696856777412095,-5.038605313232325,-1.3669941432809172,-1.854373731551318,1.2248620288135763,0.049881108792215204
5.549999999999988,-0.3005293210313296,-0.024934901385567195,0.9324760000000006,0.0249760000000037,0.4688443744768567,0.2631757928813222,-0.8226743263821379,0.1394324128301293,1.2330053210313303,0.049910901385570895
5.599999999999988,-0.3005293210313296,-0.024934901385567195,0.9407260000000013,0.0249760000000037,0.4733480719315505,0.26644468160400736,-0.8276135613101727,0.14091290543534435,1.2412553210313308,0.049910901385570895
5.649999999999988,0.25890740138781493,0.15193228625891333,0.9489760000000022,0.0249760000000037,-0.5242794325740227,-0.6989840583365142,-0.6988185030499662,-0.23300256969724512,0.6900685986121873,-0.12695628625890965
5.699999999999988,-0.13736562984702455,-0.2671728755087594,0.957226000000003,0.0249760000000037,6.0,6.0,-1.5874803676988782,3.071187634901236,1.0945916298470275,0.2921488755087631
5.749999999999988,-0.2570871983041853,-0.1544069268580652,0.9654760000000039,0.0249760000000037,5.864210700621618,5.653822779486776,-0.8415516845393689,2.1939111390682657,1.2225631983041891,0.1793829268580689
5.799999999999987,0.21099819048581095,-0.21538110569100746,0.9737260000000044,0.0249760000000037,-0.6153282932857499,-0.7192472105140729,-0.4156756689132922,-0.25420485786663294,0.7627278095141935,0.24035710569101115
5.849999999999987,0.210502258388568,-0.21519514151979927,0.9819760000000047,0.0249760000000037,4.432518232329664,4.5151715231911895,0.3306131634461021,1.7043218581944481,0.7714737416114368,0.24017114151980296
5.899999999999987,0.02399031138016772,0.2987307289263563,0.9902260000000045,0.0249760000000037,-6.0,-6.0,-1.0679215173022993,-3.873035133666287,0.9662356886198368,-0.2737547289263526
5.949999999999987,0.00578539492338285,0.2997450918589768,0.998476000000004,0.0249760000000037,-6.0,-6.0,-0.11942135010910153,-2.4895421482254743,0.9926906050766212,-0.2747690918589731
5.999999999999987,0.27400253398486,-0.12087626082572842,1.0067260000000033,0.0249760000000037,6.0,6.0,-0.33009975698666466,2.8502690920310156,0.7327234660151434,0.1458522608257321
6.0499999999999865,0.06563100955717792,0.29212470710608573,1.0149760000000025,0.0249760000000037,-6.0,-6.0,-0.6973519223707765,-4.280236689691139,0.9493449904428246,-0.267148707106082
6.099999999999986,0.14155741110995365,0.26421278713568863,1.0232260000000015,0.0249760000000037,-4.1536294608742885,-4.108794335185115,0.17934050275669405,-1.5737950087732195,0.8816685888900478,-0.23923678713568494
6.149999999999986,0.1416222243572111,0.2641918939390583,1.0314760000000007,0.0249760000000037,-5.5937447096505535,-5.542968303395596,0.20310562501982715,-2.1212786691516476,0.8898537756427896,-0.2392158939390546
6.199999999999986,0.005841174457206832,-0.30063340665129157,1.0397259999999997,0.0249760000000037,6.0,6.0,-1.2756744873814203,3.4151711327608796,1.0338848255427928,0.3256094066512953
6.249999999999986,0.2242842600601226,0.19891569490599734,1.0479759999999991,0.0249760000000037,-6.0,-6.0,-0.5805100799621487,-3.118936199804262,0.8236917399398765,-0.17393969490599365
6.299999999999986,0.20581016027618798,-0.21797320638022646,1.0562259999999986,0.0249760000000037,6.0,6.0,-0.22931704278099482,3.829121673233662,0.8504158397238106,0.24294920638023015
6.349999999999985,-0.053214867846865334,-0.2955026561324529,1.0644759999999982,0.0249760000000037,6.0,6.0,-0.5381145105605014,4.053231916264765,1.1176908678468636,0.32047865613245663
6.399999999999985,0.24146855113808435,-0.17757477062887145,1.0727259999999983,0.0249760000000037,-0.7394290450533603,-0.7114612999920269,0.11187098024533312,-0.27636006572293087,0.831257448861914,0.20255077062887514
6.449999999999985,-0.21594267983468818,-0.20900433562333054,1.0809759999999986,0.0249760000000037,6.0,6.0,-1.4037177508955405,3.6922843988991523,1.2969186798346868,0.23398033562333423
6.499999999999985,-0.030962020685054548,-0.29864133367953866,1.0892259999999994,0.0249760000000037,3.280990295689571,3.1854176427897234,-0.3822906115993914,1.2316967501865324,1.1201880206850539,0.3236173336795424
6.549999999999985,0.28943150098380055,-0.07496975638240133,1.0974760000000003,0.0249760000000037,-3.404640609168195,-3.384828980241004,0.07924651570876418,-1.2932323027446093,0.8080444990161998,0.09994575638240503
6.5999999999999845,-0.16711989145716097,-0.24986157843057674,1.1057260000000013,0.0249760000000037,6.0,6.0,-1.3851328869842736,4.002917487119861,1.2728458914571623,0.27483757843058043
6.649999999999984,0.1017528724545136,-0.28232927182276263,1.113976000000002,0.0249760000000037,2.2059879040576624,2.169893532109541,-0.1443774877924864,0.8335012259366101,1.0122231275454885,0.30730527182276635
6.699999999999984,0.2980999243901198,-0.037986466948451675,1.1222260000000024,0.0249760000000037,-3.7256404458300483,-3.6524738661540668,0.29266631870392745,-1.4053551070445933,0.8241260756098826,0.06296246694845538
6.749999999999984,-0.024899191005286914,0.2985188289204189,1.1304760000000025,0.0249760000000037,-6.0,-6.0,-0.9273441091634158,-4.561765998181445,1.1553751910052894,-0.2735428289204152
6.799999999999984,-0.22737835358482575,-0.1949314365913456,1.138726000000002,0.0249760000000037,0.30496411901446574,-0.12202318641550401,-1.707949221719879,0.03484589192361176,1.3661043535848276,0.2199074365913493
6.849999999999984,-0.02641914542760958,-0.2992425684659948,1.1469760000000013,0.0249760000000037,3.273808378381007,3.171530413758893,-0.4091118584884563,1.227683579455219,1.1733951454276108,0.3242185684659985
6.8999999999999835,0.07899168080974467,-0.29028636753112697,1.1552260000000005,0.0249760000000037,4.951512606484099,4.952628703076269,0.004464386368680027,1.8865031065829272,1.076234319190256,0.3152623675311307
6.949999999999983,0.27895452725197584,-0.1116424804529293,1.163476,0.0249760000000037,-1.5169799367775287,-1.4293040016194525,0.3507037406323044,-0.5611969406470441,0.8845214727480242,0.13661848045293298
6.999999999999983,0.12026352563820025,-0.2753975066227716,1.1717259999999996,0.0249760000000037,6.0,6.0,-0.01479917284874974,3.8929413124804664,1.0514624743617993,0.30037350662277534
7.049999999999983,0.25289325167703486,-0.16281232154008105,1.1799759999999995,0.0249760000000037,0.992548839825079,1.0982634103259685,0.4228582820035578,0.39824995240972333,0.9270827483229647,0.18778832154008473
7.099999999999983,0.19578258913780586,0.22778909573316966,1.188226,0.0249760000000037,-6.0,-6.0,-0.12869126529119504,-4.0156772101932265,0.9924434108621941,-0.20281309573316597
7.149999999999983,-0.10812671698356531,0.27935271014533347,1.1964760000000008,0.0249760000000037,-6.0,-6.0,-0.7475904795740435,-4.33700588912144,1.3046027169835661,-0.25437671014532975
7.199999999999982,-0.2274224956281988,0.19514533207407952,1.2047260000000017,0.0249760000000037,-6.0,-6.0,-0.8376301802834387,-2.777961677387988,1.4321484956282005,-0.17016933207407584
7.249999999999982,-0.22044436264303913,0.20318008895768336,1.2129760000000025,0.0249760000000037,-4.7536976265101565,-4.941359879544391,-0.7506490121369364,-1.8466776202008661,1.4334203626430417,-0.17820408895767967
7.299999999999982,-0.015080743746260547,0.2991241928704951,1.2212260000000033,0.0249760000000037,-3.5918585471889686,-3.6788959706501614,-0.34814969384477096,-1.3849056224455485,1.2363067437462638,-0.27414819287049136
7.349999999999982,-0.2739493332164924,-0.12269912588986676,1.2294760000000036,0.0249760000000037,-1.8015799113024005,-2.236674715483686,-1.740379216725141,-0.769191357483064,1.503425333216496,0.14767512588987045
7.399999999999982,0.2993328404325787,-0.004104689142221913,1.2377260000000034,0.0249760000000037,-1.9215049797398835,-2.0335453175550886,-0.4481613512608206,-0.7533429137704709,0.9383931595674248,0.029080689142225613
7.4499999999999815,-0.09556533111021862,-0.28484261493895624,1.245976000000003,0.0249760000000037,6.0,6.0,-1.2083392207456434,4.60042215428675,1.3415413311102218,0.30981861493895996
7.499999999999981,-0.09556946295267403,-0.2848410521083606,1.2542260000000025,0.0249760000000037,6.0,6.0,-0.43062622954917995,2.6958916124516747,1.3497954629526765,0.3098170521083643
7.549999999999981,-0.16690518208223307,0.25171864044767966,1.2624760000000017,0.0249760000000037,-2.0927507846961926,-2.4889850232358754,-1.5849369541587313,-0.872711582463251,1.4293811820822349,-0.22674264044767597
7.599999999999981,-0.16690518208223307,0.25171864044767966,1.270726000000001,0.0249760000000037,-6.0,-6.0,-0.6111570776072397,-2.443596369338279,1.437631182082234,-0.22674264044767597
7.649999999999981,0.06385331589457127,-0.29150025057084633,1.2789760000000001,0.0249760000000037,5.797147534419707,5.514396110753951,-1.131005694663027,2.1545797419378396,1.2151226841054288,0.31647625057085005
7.699999999999981,0.2963028236721298,-0.0008325807409151583,1.287225999999999,0.0249760000000037,-4.9703796166984295,-4.904358023802062,0.26408637158546944,-1.8809024077143792,0.9909231763278693,0.02580858074091886
7.7499999999999805,0.2963028236721298,-0.0008325807409151583,1.2954759999999983,0.0249760000000037,0.08192776464499052,0.26448408128035905,0.7302252665414741,0.06598320874768564,0.9991731763278685,0.02580858074091886
7.79999999999998,0.2963028236721298,-0.0008325807409151583,1.3037259999999977,0.0249760000000037,0.08169735858991073,0.2654108148622604,0.7348538250893988,0.06611584256231831,1.007423176327868,0.02580858074091886
7.84999999999998,-0.24048574988935842,0.184433397753306,1.3119759999999974,0.0249760000000037,-6.0,-6.0,-1.9202044401369742,-3.06819593451025,1.5524617498893558,-0.1594573977533023
7.89999999999998,0.27386912847625744,-0.11349148488585536,1.3202259999999975,0.0249760000000037,4.554965058472039,4.428255004767747,-0.5068402148171639,1.7110895358551974,1.0463568715237401,0.13846748488585905
7.94999999999998,0.26267036763132534,-0.13724922279495846,1.3284759999999978,0.0249760000000037,4.116200613406556,4.276048190664819,0.6393903090330572,1.598523581727881,1.0658056323686724,0.16222522279496215
7.99999999999998,0.251715967030592,-0.15722885312412077,1.3367259999999983,0.0249760000000037,4.597675840434284,4.749639175984419,0.6078533422005413,1.7804409555083243,1.0850100329694063,0.18220485312412446
8.04999999999998,-0.13087262290236515,0.27145174632724633,1.3449759999999993,0.0249760000000037,-6.0,-6.0,-1.6291139358197257,-3.831215053952823,1.4758486229023644,-0.24647574632724265
8.09999999999998,0.16808806769915538,-0.2465054297422234,1.3532260000000003,0.0249760000000037,6.0,6.0,-0.8368487355720057,2.8515658280274,1.1851379323008449,0.2714814297422271
8.14999999999998,0.09167585765230161,-0.28506284062107096,1.361476000000001,0.0249760000000037,6.0,6.0,0.09163250612780141,3.4865617980128367,1.2698001423476994,0.3100388406210747
8.199999999999982,0.13121362891320149,-0.2693581216846733,1.3697260000000018,0.0249760000000037,6.0,6.0,0.23348883821168415,2.4997623776441755,1.2385123710868002,0.29433412168467704
8.249999999999982,0.09690485420282001,0.2843536953560366,1.377976000000002,0.0249760000000037,-6.0,-6.0,-0.8663047682898746,-4.304314936987918,1.2810711457971822,-0.2593776953560329
8.299999999999983,0.09684417170900599,0.28435915264378003,1.386226000000002,0.0249760000000037,-6.0,-6.0,0.1623089672472503,-2.921561467899087,1.289381828290996,-0.2593831526437763
8.349999999999984,-0.300318280946433,0.004996385133173389,1.3944760000000014,0.0249760000000037,-5.035711449966598,-5.5033298609094015,-1.8704736437712106,-2.007436440166857,1.6947942809464345,0.019979614866830312
8.399999999999984,-0.2952920610095478,-0.05196063152662812,1.4027260000000008,0.0249760000000037,0.4378480789399723,0.16566667127198503,-1.088725630671949,0.1149551905165633,1.6980180610095486,0.07693663152663183
8.449999999999985,0.05910899751082644,-0.2936934236548027,1.4109760000000002,0.0249760000000037,3.0132466281873196,2.865947823637849,-0.589195218197883,1.119846562252413,1.3518670024891737,0.31866942365480644
8.499999999999986,-0.1405490990607112,-0.26741891602191575,1.4192259999999999,0.0249760000000037,6.0,6.0,-0.7322217159228556,4.0677582824436,1.559775099060711,0.29239491602191947
8.549999999999986,-0.13793169272793068,-0.2696923740700969,1.427476,0.0249760000000037,6.0,6.0,-0.5883441569999839,2.8207594905705493,1.5654076927279306,0.2946683740701006
8.599999999999987,-0.018471368873654463,-0.3001523235406495,1.4357260000000005,0.0249760000000037,6.0,6.0,-0.2571133911081674,2.4009614930872294,1.454197368873655,0.32512832354065324
8.649999999999988,-0.21282981363467024,0.21666851339743412,1.4439760000000013,0.0249760000000037,-2.2128073632864824,-2.6684702459251097,-1.8226515305545097,-0.929767163659351,1.6568058136346715,-0.19169251339743043
8.699999999999989,0.27541652522840593,-0.10601543519242702,1.4522260000000022,0.0249760000000037,5.452793560396574,5.356056487324628,-0.3869482922877854,2.058828580518324,1.1768094747715963,0.13099143519243073
8.74999999999999,0.1614796569390606,0.2491847660673575,1.4604760000000034,0.0249760000000037,-6.0,-6.0,-0.05800604465670792,-4.625451073745643,1.2989963430609428,-0.22420876606735382
8.79999999999999,-0.29134815001242004,0.08956673977606863,1.4687260000000042,0.0249760000000037,-6.0,-6.0,-1.8507536155490394,-2.9497672310221423,1.7600741500124242,-0.06459073977606493
8.84999999999999,-0.28489035507261945,0.10791740107455731,1.4769760000000047,0.0249760000000037,-2.7694807475645096,-3.036002053702761,-1.0660852245530077,-1.1058062478604325,1.7618663550726241,-0.08294140107455361
8.899999999999991,0.27394318523061206,-0.11207588101992916,1.485226000000005,0.0249760000000037,3.3412322248336386,3.2318506655570474,-0.4375262371063637,1.252015788645845,1.211282814769393,0.13705188101993285
8.949999999999992,-0.15449753553163606,0.2595386684313648,1.493476000000005,0.0249760000000037,-6.0,-6.0,-1.7111040681905867,-4.116663544991973,1.647973535531641,-0.23456266843136112
8.999999999999993,0.08609970284466248,0.28544261780104935,1.5017260000000046,0.0249760000000037,-4.430392365792788,-4.4367158689991415,-0.025294012825414713,-1.6889729971032248,1.4156262971553422,-0.26046661780104563
9.049999999999994,0.28882210348146403,-0.05150683857001562,1.509976000000004,0.0249760000000037,6.0,6.0,0.3256744948742628,2.606861814693518,1.22115389651854,0.07648283857001932
9.099999999999994,-0.19279062770307862,0.23507906628676828,1.5182260000000032,0.0249760000000037,-6.0,-6.0,-1.8103082043173986,-4.02289899726657,1.7110166277030818,-0.2101030662867646
9.149999999999995,-0.20037656145721372,0.22954212895601425,1.5264760000000024,0.0249760000000037,-6.0,-6.0,-0.7914973806486781,-2.6999120966113908,1.726852561457216,-0.20456612895601056
9.199999999999996,-0.3022026823160527,-0.061645883917342555,1.5347260000000016,0.0249760000000037,-2.76390600494455,-3.1320275888540463,-1.4724863356379865,-1.1230349702473517,1.8369286823160542,0.08662188391734625
9.249999999999996,-0.10701556972039886,0.28274288926791874,1.542976000000001,0.0249760000000037,-3.236244157306264,-3.484746822183677,-0.99401065950965,-1.280188757998084,1.6499915697204,-0.257766889267915
9.299999999999997,0.27856654157907473,-0.08293365060840664,1.5512260000000004,0.0249760000000037,6.0,6.0,-0.10182063369577996,2.6350201752979414,1.2726594584209256,0.10790965060841035
9.349999999999998,-0.2356241825690851,-0.20019879519153488,1.5594760000000003,0.0249760000000037,6.0,6.0,-1.8628211211813723,3.9488631091142103,1.7951001825690853,0.22517479519153857
9.399999999999999,0.0013636097882403515,0.2986318373576487,1.5677260000000002,0.0249760000000037,-5.208479806783345,-5.485158113982463,-1.1067132287964745,-2.0368834134792015,1.5663623902117598,-0.273655837357645
9.45,-0.29264806587211617,-0.10576945105329884,1.5759760000000005,0.0249760000000037,-1.5194203943396623,-2.012444973990635,-1.972098318603891,-0.6727362606343423,1.8686240658721167,0.13074545105330254
9.5,0.03815001802227224,-0.2970007863827609,1.5842260000000012,0.0249760000000037,4.019042618358684,3.899354445112758,-0.4787526929837057,1.5082661073278938,1.546075981977729,0.3219767863827646
9.55,-0.27929891189717665,-0.13886300724504513,1.5924760000000022,0.0249760000000037,6.0,6.0,-1.5180590670658178,3.4805207619479996,1.871774911897179,0.16383900724504882
9.600000000000001,0.20702718760166391,-0.20490699833379786,1.6007260000000034,0.0249760000000037,1.524762343159222,1.4789712444619376,-0.18316439478913793,0.572139730975459,1.3936988123983396,0.22988299833380155
9.650000000000002,-0.25689268587168834,-0.17637825849736177,1.6089760000000044,0.0249760000000037,6.0,6.0,-1.7483689672946106,3.997122264271411,1.8658686858716926,0.20135425849736546
9.700000000000003,0.26369985445474076,-0.11513134641639718,1.6172260000000052,0.0249760000000037,-0.7346451142672179,-0.7542863001390818,-0.07856474348745557,-0.283605983696438,1.3535261455452643,0.14010734641640088
9.750000000000004,0.14373258459275035,0.2540582879974667,1.6254760000000055,0.0249760000000037,-6.0,-6.0,-0.07178662206454949,-5.007347878461842,1.481743415407255,-0.22908228799746302
9.800000000000004,0.20070329878091492,-0.2115644298192054,1.6337260000000053,0.024976000000003697,6.0,6.0,-0.12321241892272541,4.520701787850246,1.4330227012190904,0.23654042981920909
9.850000000000005,-0.08921263752042674,-0.29113876820471674,1.641976000000005,0.024976000000003697,6.0,6.0,-0.74513727312671,5.230559445582813,1.7311886375204317,0.31611476820472045
9.900000000000006,0.26751318204500246,-0.10804299098813194,1.6502260000000044,0.024976000000003693,-1.7099707805031101,-1.6274369504345587,0.330135320274206,-0.635696710654794,1.382712817955002,0.13301899098813563
9.950000000000006,0.26749664732562267,-0.10804909103197924,1.6584760000000038,0.024976000000003693,3.4587761650744357,3.676404311702339,0.8705125865116122,1.3590819955765285,1.3909793526743812,0.13302509103198293
10.000000000000007,0.26749664732562267,-0.10804909103197924,1.6667260000000035,0.024976000000003697,3.4736203284026494,3.6923626940268077,0.874969462496634,1.3649491471294204,1.3992293526743809,0.13302509103198293
10.050000000000008,-0.30172124212859786,0.08138934199721866,1.6749760000000034,0.0249760000000037,-2.072840976709796,-2.675383193609929,-2.410168867600532,-0.9044236514894713,1.9766972421286013,-0.056413341997214955
10.100000000000009,0.19677923746121295,0.2119265259878217,1.6832260000000039,0.024976000000003707,-2.199297813626394,-2.259648032355472,-0.2414008749163139,-0.8493230182822602,1.486446762538791,-0.18695052598781797
10.15000000000001,0.27022254235933996,-0.0988767736295529,1.6914760000000046,0.024976000000003714,6.0,6.0,0.561499348597657,3.066213029608964,1.4212534576406646,0.12385277362955661
10.20000000000001,-0.23052702843085107,-0.20901254257200655,1.6997260000000056,0.02497600000000372,6.0,6.0,-1.8495624094191434,4.327997212588057,1.9302530284308568,0.23398854257201027
10.25000000000001,-0.2766552721675495,-0.1461388169951821,1.7079760000000066,0.02497600000000372,6.0,5.8370724406761205,-1.1678721567633956,2.2792596039129696,1.984631272167556,0.17111481699518583
10.300000000000011,-0.14527518456370522,0.26809918165155827,1.7162260000000076,0.024976000000003717,-3.5968343711954933,-3.912011893249767,-1.2607100882170967,-1.4302564313229067,1.8615011845637128,-0.24312318165155455
10.350000000000012,0.05918748090933783,0.2887013447859495,1.7244760000000083,0.0249760000000037,-6.0,-6.0,0.00665613870843416,-2.380252176069487,1.6652885190906705,-0.2637253447859458
10.400000000000013,0.057083948354833075,0.288725842114154,1.7327260000000089,0.024976000000003676,-6.0,-6.0,0.1433822837039543,-3.703503010598376,1.6756420516451758,-0.2637498421141503
10.450000000000014,-0.28538879045550364,0.12707060190850653,1.7409760000000087,0.024976000000003648,-6.0,-6.0,-1.6593957365728202,-3.656695121159174,2.026364790455512,-0.10209460190850288
10.500000000000014,-0.10481042539968036,-0.2879851563705078,1.7492260000000086,0.024976000000003627,4.535266802240261,4.236006635980005,-1.197040665041022,1.6707187501371934,1.854036425399689,0.3129611563705114
10.550000000000015,-0.30573077027193796,-0.07533089997080004,1.757476000000008,0.02497600000000362,6.0,6.0,-1.5650676987557586,2.589053837097123,2.063206770271946,0.10030689997080366
10.600000000000016,-0.24898817079192467,0.18569683804291404,1.7657260000000072,0.024976000000003638,-2.164788746816004,-2.4862806397957953,-1.285967571919166,-0.8859179784022474,2.014714170791932,-0.1607208380429104
10.650000000000016,-0.24898817079192467,0.18569683804291404,1.7739760000000064,0.02497600000000369,-6.0,-6.0,-1.0513250169541069,-2.489635866893172,2.0229641707919312,-0.16072083804291035
10.700000000000017,-0.16843917133652264,0.2558416273457288,1.7822260000000056,0.02497600000000378,-6.0,-6.0,-0.7710873889742685,-2.7069058600826494,1.9506651713365284,-0.23086562734572502
10.750000000000018,-0.31609103554402324,-0.00687922303024901,1.7904760000000046,0.024976000000003884,-4.361252195652797,-4.769762018147619,-1.6340392899792835,-1.7392408026286506,2.106567035544028,0.03185522303025289
10.800000000000018,0.007941421777007391,0.29690469449402557,1.798726000000004,0.024976000000003967,-4.999498991336236,-5.173898176675084,-0.697596741355389,-1.937789936764061,1.7907845782229967,-0.27192869449402157
10.85000000000002,-0.3120685669516118,-0.04477364574371197,1.8069760000000035,0.024976000000004,-3.5362864505713167,-4.051719675287312,-2.0617328988639785,-1.4453345001635483,2.119044566951615,0.06974964574371596
10.90000000000002,0.21471147251231676,-0.19446428827661047,1.8152260000000036,0.024976000000003936,2.9571986910869215,2.8964044454393334,-0.24317698259035195,1.114972026005001,1.6005145274876869,0.2194402882766144
10.95000000000002,-0.23618931465897375,0.20156013358192665,1.8234760000000039,0.02497600000000375,-6.0,-6.0,-2.2189000269499664,-2.875448136578223,2.059665314658978,-0.1765841335819229
11.000000000000021,-0.3086360596613672,-0.07244884236910774,1.8317260000000049,0.02497600000000342,-1.85611041303266,-2.255213635774373,-1.5964128909668518,-0.783109342629911,2.140362059661372,0.09742484236911117
11.050000000000022,-0.29496167380222804,-0.11507605524428417,1.839976000000006,0.02497600000000303,3.216234656012224,2.8945117813638097,-1.2868914985936593,1.1639517023573398,2.1349376738022343,0.1400520552442872
11.100000000000023,0.01758209842790366,0.2956530637722913,1.8482260000000075,0.02497600000000271,-5.824914807307541,-6.0,-0.882815983685274,-2.261054021054553,1.8306439015721039,-0.27067706377228856
11.150000000000023,0.28364231599075024,0.0010822910683715996,1.8564760000000087,0.02497600000000259,5.164810357979503,5.301548368436453,0.5469520418277989,1.993592138364944,1.5728336840092585,0.02389370893163099
11.200000000000024,-0.31051957588261675,-0.07151202139051915,1.8647260000000092,0.024976000000002795,3.7855398558669187,3.1507015019856848,-2.5393534155249364,1.3211888300671626,2.175245575882626,0.09648802139052196
11.250000000000025,-0.2772888577411887,-0.15421912041601135,1.872976000000009,0.024976000000003457,3.9336305023568654,3.621279858227573,-1.2494025765171684,1.4390305448732263,2.150264857741198,0.17919512041601482
11.300000000000026,0.2686595143726698,0.08516631039970596,1.881226000000008,0.024976000000004658,-4.216948065542091,-4.253246866216694,-0.145195202698407,-1.6133704631921495,1.6125664856273383,-0.0601903103997013
11.350000000000026,-0.28185385198873114,0.14012119390084743,1.8894760000000064,0.02497600000000611,-6.0,-6.0,-2.255939797762029,-3.4471789563298487,2.1713298519887374,-0.11514519390084132
11.400000000000027,-0.2822060417648363,0.1393144228541401,1.8977260000000047,0.024976000000007333,-5.161641118197146,-5.47203912640445,-1.2415920328292183,-2.0254629037336374,2.179932041764841,-0.11433842285413279
11.450000000000028,0.03621575311369726,-0.2975754024935924,1.9059760000000034,0.024976000000007846,6.0,6.0,-0.9102326443121299,2.5775566341823164,1.8697602468863062,0.3225514024936002
11.500000000000028,0.10619124932615041,0.26878126919624756,1.9142260000000038,0.024976000000007166,-6.0,-6.0,-0.6852150310389505,-4.957759850370453,1.8080347506738534,-0.2438052691962404
11.55000000000003,0.054549297001520364,0.28744494739209914,1.922476000000006,0.024976000000004817,-6.0,-6.0,0.1745821576016212,-4.431594823717038,1.8679267029984856,-0.2624689473920943
11.60000000000003,0.054549297001520364,0.28744494739209914,1.9307260000000106,0.02497600000000044,-6.0,-6.0,0.1858941907444079,-4.083538025253521,1.8761767029984902,-0.2624689473920987
11.65000000000003,0.054549297001520364,0.28744494739209914,1.9389760000000167,0.024975999999995026,-6.0,-6.0,0.18704091522944305,-4.099996355326865,1.8844267029984962,-0.26246894739210413
11.700000000000031,0.054549297001520364,0.28744494739209914,1.9472260000000223,0.024975999999990357,-6.0,-6.0,0.18818867661554578,-4.116467993902428,1.8926767029985019,-0.2624689473921088
11.750000000000032,-0.18251157178814847,0.2494803808765216,1.9554760000000253,0.024975999999988233,-6.0,-6.0,-1.0237823642757948,-5.099244162114539,2.137987571788174,-0.22450438087653338
11.800000000000033,-0.03710544887650152,-0.3024792703553254,1.963726000000024,0.024975999999990447,6.0,6.0,-1.3241000615057623,3.122024481604192,2.0008314488765255,0.32745527035531585
11.850000000000033,0.0030940508153787655,0.29546869859650154,1.9719760000000166,0.024975999999998794,-6.0,-6.0,-1.2187010811279775,-4.380673377951779,1.9688819491846379,-0.27049269859650277
11.900000000000034,0.002737723581288057,0.2954173613107081,1.9802260000000012,0.024976000000014705,-6.0,-6.0,-0.019827217317321625,-4.321261538079908,1.9774882764187132,-0.2704413613106934
11.950000000000035,0.2660923166168152,-0.0713477348410984,1.9884759999999813,0.024976000000034863,6.0,6.0,0.4422235214461229,3.025591958773514,1.722383683383166,0.09632373484113325
12.000000000000036,-0.3129629257838738,-0.0927748475565279,1.9967259999999631,0.02497600000005264,6.0,5.608639526261935,-2.528258345039764,2.257017835958821,2.309688925783837,0.11775084755658054
12.050000000000036,-0.26671604361787166,-0.1836448933085961,2.0049759999999544,0.024976000000061335,5.204378571917124,4.891672746996678,-1.250823299681784,1.9230573940788191,2.271692043617826,0.20862089330865743
12.100000000000037,0.2413444123908826,-0.1363874136185666,2.013225999999961,0.024976000000054246,0.5695882311356504,0.6098254603051709,0.16094891667808184,0.2246502269411088,1.7718815876090783,0.16136341361862083
12.150000000000038,0.03899740683592027,0.2891778597721621,2.0214759999999896,0.024976000000024673,-6.0,-6.0,-0.5852734644282067,-6.247487303706668,1.9824785931640694,-0.2642018597721374
12.200000000000038,-0.13131605681593989,0.27736174715494083,2.0297260000000468,0.024975999999966927,-6.0,-6.0,-0.6994751436300048,-5.275875664702838,2.1610420568159867,-0.2523857471549739
12.250000000000039,0.2663107715103382,0.06391846335561846,2.037976000000121,0.024975999999891956,2.6537640098636213,2.7737502894918795,0.47994511851303356,1.0338122474962859,1.7716652284897827,-0.0389424633557265
12.30000000000004,-0.2796457545416216,-0.16157972517513988,2.0462260000001877,0.02497599999982436,6.0,6.0,-2.467086529802833,2.9502343880851205,2.3258717545418093,0.18655572517496424
12.35000000000004,0.17560957489961632,-0.22833502975664005,2.0544760000002222,0.02497599999978915,3.7394125155087634,3.7461703108010687,0.02703118116922237,1.4258253002494918,1.878866425100606,0.2533110297564292
12.400000000000041,-0.07903509442516878,0.29171561230579846,2.0627260000002,0.024975999999811323,-6.0,-6.0,-1.485080036862702,-5.517072216717336,2.1417610944253687,-0.26673961230598714
12.450000000000042,-0.21071163988614153,-0.2418065677705827,2.0709760000000954,0.02497599999991589,5.762108988078625,5.262402875531622,-1.9988244501880137,2.099907021640047,2.281687639886237,0.2667825677704986
12.500000000000043,-0.3273653893400336,0.019869654107727574,2.0792259999998866,0.024976000000125155,3.5382295340054326,3.0920620934769096,-1.7846697621140923,1.2629126909490176,2.40659138933992,0.005106345892397581
12.550000000000043,-0.043439822488065896,-0.30324032648586746,2.087475999999609,0.02497600000040362,6.0,6.0,-0.8549003579373577,2.5590183546642207,2.1309158224876747,0.3282163264862711
12.600000000000044,0.2703638218662624,-0.025300679874522343,2.0957259999993534,0.02497600000066021,-4.30714579607175,-4.148098930465808,0.6361874624237674,-1.6105228050547729,1.825362178133091,0.050276679875182556
12.650000000000045,-0.24446542748760416,0.20596542196753254,2.103975999999213,0.024976000000801607,-6.0,-6.0,-2.1852312404148395,-4.566566224752235,2.3484414274868173,-0.18098942196673093
12.700000000000045,-0.23310476381654574,0.2170589321403681,2.1122259999992807,0.02497600000073449,-6.0,-6.0,-1.0770384361257,-3.3426407930273374,2.3453307638158263,-0.1920829321396336
12.750000000000046,0.2652937898391804,-0.046266966980177675,2.1204759999996505,0.02497600000036554,5.1821679119139485,5.2239154518715445,0.16699015983038243,1.9821111169115226,1.85518221016047,0.07124296698054322
12.800000000000047,-0.12775628898527386,0.28041587963690345,2.128726000000408,0.024975999999608346,-6.0,-6.0,-1.44324479249407,-6.246163562365294,2.2564822889856817,-0.2554398796372951
12.850000000000048,-0.1919472669366034,0.25156342376117286,2.136976000001441,0.024975999998575346,-6.0,-6.0,-0.886603345078849,-4.4958432853809605,2.328923266938044,-0.2265874237625975
12.900000000000048,0.25204150245230617,0.08169240945814031,2.1452260000024124,0.02497599999760287,1.6225292524744461,1.7360462714891092,0.45406807605865235,0.6397286712311534,1.8931844975501062,-0.05671640946053744
12.950000000000049,0.2523687667550625,0.08169858897040735,2.153476000002976,0.0249759999970392,-3.5601369289273372,-3.2573102354225303,1.2113067740192285,-1.29856136463807,1.9011072332479133,-0.056722588973368154
13.00000000000005,0.2644591016462231,0.012285781715706231,2.1617260000027816,0.024975999997232608,0.529203227798002,0.8426882134941419,1.2539399427845594,0.2613126554842179,1.8972668983565586,0.012690218281526377
13.05000000000005,0.2644591016462231,0.012285781715706231,2.1699760000014825,0.02497599999853137,-0.7004935080156018,-0.3816319396482207,1.2754462734695244,-0.20611913288834713,1.9055168983552595,0.01269021828282514
13.100000000000051,-0.2908190536369142,0.15230836506708126,2.178225999998747,0.02497600000126697,-6.0,-6.0,-2.4553813380309886,-3.6799939199838754,2.4690450536356616,-0.1273323650658143
13.150000000000052,-0.30370353201156575,0.12806037126476405,2.186475999994921,0.024976000005094093,-5.992048501708566,-6.0,-1.4333728811548412,-2.3509409949915887,2.4901795320064863,-0.10308437125966996
13.200000000000053,-0.10968606443888165,0.2853562682953612,2.1947259999912414,0.024976000008774105,-6.0,-6.0,-0.7062466879909578,-3.1432756620695677,2.304412064430123,-0.2603802682865871
13.250000000000053,0.19907131430019928,-0.1969994078233351,2.2029759999890093,0.02497600001100722,6.0,6.0,-0.14177605150175843,4.283427486637478,2.00390468568881,0.22197540783434233
13.300000000000054,-0.03176502573490306,-0.30545254124927457,2.211225999989524,0.024976000010493653,6.0,6.0,-0.3976897014176788,6.368181914615921,2.242991025724427,0.3304285412597682
13.350000000000055,-0.3005533553774169,-0.12478733839837983,2.219475999994085,0.024976000005933623,6.0,6.0,-1.846674718675641,3.6543007001402863,2.520029355371502,0.14976333840431344
13.400000000000055,0.007069609973573525,0.29052689232791784,2.227726000003954,0.024975999996065312,-6.0,-6.0,-0.87547762542221,-3.0569093123168245,2.2206563900303804,-0.26555089233185253
13.450000000000056,0.025208723666795115,-0.3034441935656643,2.235976000018115,0.02497599998190492,6.0,6.0,-1.1084006598951397,5.348405594942433,2.2107672763513198,0.32842019354756924
13.500000000000057,0.1527535758221634,-0.24995782729778954,2.24422600003202,0.024975999967999568,6.0,6.0,0.6350255415350763,3.097781382512271,2.0914724242098566,0.2749338272657891
13.550000000000058,0.12486764930780864,-0.26714073704803104,2.252476000040819,0.024975999959200117,6.0,6.0,0.566297192991964,4.509538911997971,2.1276083507330106,0.2921167370072312
13.600000000000058,-0.029304630762388498,0.293180699563967,2.260726000039661,0.024975999960357428,-6.0,-6.0,-1.274354683746036,-5.913219368095772,2.2900306308020495,-0.26820469960360954
13.650000000000059,0.2121600435958958,-0.18575201913149644,2.2689760000236956,0.024975999976322355,6.0,6.0,0.06816859333135018,4.609645024411583,2.0568159564278,0.2107280191078188
13.70000000000006,0.18991965074234715,-0.20995936837727433,2.2772259999881492,0.02497600001186815,6.0,6.0,0.9293143451058908,3.6527959207309957,2.087306349245802,0.23493536838914247
13.75000000000006,0.22437803959295638,0.15414289325492614,2.285475999935825,0.0249760000641913,-6.0,-6.0,0.6809797412812836,-4.5379121526482376,2.061097960342869,-0.12916689319073485
13.800000000000061,-0.2390983235355189,0.210380811361411,2.293725999883356,0.024976000116659812,-6.0,-6.0,-1.9060920105321901,-5.6082334572842205,2.532824323418875,-0.1854048112447512
13.850000000000062,-0.05430296505357608,-0.3042774692447748,2.301975999848845,0.024976000151170033,6.0,6.0,-1.2757290958899519,3.5433162496676593,2.356278964902421,0.3292534693959448
13.900000000000063,-0.21610646097462108,0.2326797784729766,2.3102259998503962,0.024976000149618312,-6.0,-6.0,-2.108255945000106,-2.709591066973422,2.5263324608250173,-0.2077037783233583
13.950000000000063,-0.3211745731467932,0.07659976698873945,2.3184759999061137,0.024976000093901003,-6.0,-6.0,-1.72495342960865,-2.6308821425123075,2.639650573052907,-0.05162376689483845
14.000000000000064,0.017392068477210622,0.29067428815865204,2.3267260000339642,0.02497599996605072,-6.0,-6.0,-0.41587449334888776,-3.0120433941474003,2.3093339315567536,-0.26569828819260133
14.050000000000065,-0.03254244076390088,-0.30533217185617134,2.334976000227033,0.024975999772982423,6.0,6.0,-1.366323608437743,5.419005923542632,2.367518440990934,0.33030817162915377
14.100000000000065,-0.13952096879805426,0.273314889316473,2.34322600042474,0.02497599957527685,-6.0,-6.0,-1.8504967206820473,-4.0322870515297895,2.482746969222794,-0.24833888974119617
14.150000000000066,-0.13952096879805426,0.273314889316473,2.35147600055952,0.02497599944049775,-6.0,-6.0,-0.6973905344066584,-4.798930388249543,2.490996969357574,-0.24833888987597527
14.200000000000067,-0.13952096879805426,0.273314889316473,2.35972600056381,0.024975999436208877,-6.0,-6.0,-0.699475699437215,-4.815447733835989,2.4992469693618644,-0.24833888988026415
14.250000000000068,-0.13952096879805426,0.273314889316473,2.367976000370046,0.024975999629973974,-6.0,-6.0,-0.7015623741005592,-4.831977869852121,2.5074969691681,-0.24833888968649903
14.300000000000068,0.2798876331256509,0.01193681880855323,2.3762259999108486,0.02497600008917145,4.184838331835399,4.335319802518358,0.6019258827318327,1.62288726368643,2.0963383667851976,0.01303918128061822
14.350000000000069,-0.30288666881934406,-0.11222383047889146,2.3844759991994606,0.024976000800559225,6.0,5.549978960583284,-2.8014954248297568,2.247682243309335,2.6873626680188045,0.13719983127945068
14.40000000000007,-0.29431718570994686,0.11283974577420175,2.392725998455484,0.02497600154453545,-1.8970835387831197,-2.3310285096372416,-1.7357798834164873,-0.8053546758895926,2.687043184165431,-0.08786374422966631
14.45000000000007,0.16199187573981313,-0.24907149530340178,2.40097599793107,0.02497600206894877,6.0,6.0,-0.34432533773815266,3.2408035197941705,2.238984122191257,0.27404749737235057
14.500000000000071,0.2791138820198212,-0.02952049914909752,2.4092259978783703,0.02497600212164785,-3.062870485877619,-2.7597716482428445,1.212395350539098,-1.1090746922134216,2.130112115858549,0.05449650127074537
14.550000000000072,0.2791138820198212,-0.02952049914909752,2.4174759985495364,0.02497600145048134,0.8783661829633191,1.234235184426004,1.4234760058507396,0.4024002604551091,2.138362116529715,0.05449650059957886
14.600000000000072,-0.32120760550223204,-0.028362217849892214,2.4257260001965704,0.024975999803447307,1.7334679863685298,1.0008343178318337,-2.930534674146784,0.520819486514355,2.7469336056988025,0.05333821765333952
14.650000000000073,-0.29239770854473857,-0.14056413106204937,2.4339760028138904,0.024975997186127676,4.157450576151455,3.7487729285068827,-1.6347105905782886,1.5059473342206358,2.726373711358629,0.16554012824817704
14.700000000000074,-0.31269734929864007,-0.08487140526691536,2.4422260056098652,0.02497599439015348,4.591926305043563,4.164331865776873,-1.71037775706676,1.6678586992038924,2.7549233549085055,0.10984739965706884
14.750000000000075,-0.2790105835684406,-0.1639726418815299,2.4504760076434535,0.02497599235656636,5.756368857348178,5.367183834289715,-1.5567400922338555,2.118771941264361,2.729486591211894,0.18894863423809627
14.800000000000075,0.2785701902844961,-0.03396801085141904,2.458726007973613,0.024975992026407937,-1.7926659920703576,-1.703299170385465,0.3574672867395711,-0.6658981261820615,2.180155817689117,0.05894400287782697
14.850000000000076,-0.30936943533357014,0.07157340306676775,2.466976005659302,0.024975994340719843,-4.681325297642623,-5.402123312034462,-2.883192057567359,-1.9206568780337303,2.7763454409928725,-0.04659740872604791
14.900000000000077,-0.23621107691457052,0.1983453225405175,2.4752259997594996,0.024976000240523055,-6.0,-6.0,-1.368491023761555,-2.8487434908051146,2.7114370766740703,-0.17336932229999447
14.950000000000077,0.23660318307131648,-0.1650725653860228,2.4834759901448136,0.024976009855209258,6.0,6.0,0.04328518846630102,3.2970171456030877,2.246872807073497,0.19004857524123206
15.000000000000078,-0.31636963914596644,-0.0560248413797331,2.49172597965053,0.024976020349492756,5.679511969348771,4.9741970557834945,-2.8212596542611057,2.029277909549003,2.8080956187964965,0.08100086172922585
15.050000000000079,0.25741465408102004,-0.12332714356833947,2.4999759717886643,0.02497602821135838,2.8285977899723904,2.88868444985896,0.2403466395462782,1.0890061409202572,2.2425613177076444,0.14830317177969785
15.10000000000008,0.1702275617923012,0.22097776339397218,2.5082259700712313,0.024976029928790954,-6.0,-6.0,0.4945681092485038,-6.069854890578801,2.33799840827893,-0.19600173346518124
15.15000000000008,0.1702275617923012,0.22097776339397218,2.5164759780102464,0.024976021989775308,-6.0,-6.0,0.9160419245139179,-4.1695782366565055,2.346248416217945,-0.19600174140419688
15.200000000000081,0.26082687231721213,0.06888043714711693,2.5247259991177247,0.024976000882296262,-0.6959049655929428,-0.357086334599587,1.355274523973423,-0.20056977146524377,2.2638991268005126,-0.04390443626482067
15.250000000000082,0.26082687231721213,0.06888043714711693,2.5329760343800927,0.02497596561992747,-3.6973020269723023,-3.3326660095604854,1.4585440696472685,-1.33904153076815,2.2721491620628806,-0.04390447152718946
15.300000000000082,0.13851903409600413,-0.2525983797279948,2.54122607371945,0.024975926280569147,6.0,6.0,0.39932790504354454,6.483280776626181,2.402707039623446,0.277574306008564
15.350000000000083,-0.31539492490037885,-0.10590992457552649,2.5494761040288556,0.024975895971163294,6.0,6.0,-2.4919092845606188,3.7071578440337105,2.8648710289292345,0.1308858205466898
15.400000000000084,0.2018900080615215,-0.1927021571216693,2.5577261122012893,0.024975887798728967,4.77628195882792,4.8346066071847575,0.23329859342734946,1.830645441145272,2.355836104139768,0.21767804492039827
15.450000000000085,-0.2197748476215768,-0.24198563687132763,2.565976085129733,0.024975914870285245,6.0,6.0,-1.8058636121464755,6.367104112339853,2.7857509327513097,0.26696155174161285
15.500000000000085,-0.22086206343487702,0.22852449684911572,2.574226009707167,0.024975990292851188,-6.0,-6.0,-1.9229279248980957,-2.498375643717277,2.795088073142044,-0.20354850655626452
15.550000000000086,0.26132279715322204,-0.0004554630792046391,2.5824758805930497,0.02497611940696951,3.969177349750561,4.11673272497352,0.5902215008918373,1.5401733475664916,2.3211530834398277,0.02543158248617415
15.600000000000087,0.2485586492808376,0.07329664006687822,2.590725733306269,0.02497626669375083,-5.301297799616763,-4.931349418955713,1.4797935226442005,-1.9490756606804716,2.3421670840254314,-0.04832037337312739
15.650000000000087,-0.19122681783360385,0.25319079305621545,2.5989756167551206,0.024976383244900528,-6.0,-6.0,-1.7333417095766428,-6.913326109051857,2.7902024345887244,-0.2282144098113149
15.700000000000088,-0.20217405486278653,0.24687048140705298,2.6072255798556645,0.0249764201443575,-6.0,-6.0,-1.0468711597309,-4.952326236125094,2.809399634718451,-0.22189406126269548
15.750000000000089,-0.1510919148298924,-0.2866422871948207,2.615475671523962,0.024976328476060662,6.0,6.0,-1.7485268489521182,3.7087157095338856,2.7665675863538546,0.3116186156708814
15.80000000000009,-0.1715750794564581,0.26286059389676625,2.6237259406760747,0.024976059323948908,-6.0,-6.0,-1.892889299328835,-3.713119404712855,2.795301020132533,-0.23788453457281733
15.85000000000009,-0.3301444593779943,-0.07306370646385611,2.6319764126622776,0.024975587337745637,-1.6675443107095438,-2.2416885901523607,-2.2965771177712684,-0.7446157906403628,2.9621208720402716,0.09803929380160176
15.900000000000091,-0.333161267272431,0.045285022696704716,2.640226963428652,0.02497503657137089,-0.5365276152986254,-1.0116501661772928,-1.90049020351467,-0.29489100599541296,2.973388230701083,-0.020309986125333825
15.950000000000092,-0.07968587476242829,0.29030093594997847,2.648477410552162,0.024974589447860705,-6.0,-6.0,-0.7853722009973888,-3.8532118720289565,2.72816328531459,-0.2653263465021178
16.000000000000092,0.14795194707124273,0.22791301552358878,2.656727571475581,0.0249744285244404,-6.0,-6.0,0.7651131925380487,-3.0648550605685667,2.5087756244043384,-0.20293858699914838
16.050000000000093,0.08593636409545613,-0.27968586100329007,2.6649772636416857,0.024974736358335293,6.0,6.0,-0.31131317921198337,7.114447892958703,2.5790408995462295,0.3046605973616254
16.100000000000094,-0.21900999410330416,0.23161278417837963,2.6732263044932503,0.024975695506770697,-6.0,-6.0,-2.380756066589484,-4.245528497685556,2.8922362985965546,-0.20663708867160893
16.150000000000095,0.18354389044001415,-0.21262451224339105,2.681474581889706,0.0249774181103156,6.0,6.0,-0.07462275096111888,4.382705318876545,2.497930691449692,0.23760193035370664
16.200000000000095,0.18354389044001415,-0.21262451224339105,2.689722524856269,0.024979475143753052,6.0,6.0,1.124213902752317,4.06914904866288,2.506178634416255,0.2376039873871441
16.250000000000096,0.18354389044001415,-0.21262451224339105,2.697970813331582,0.024981186668441395,6.0,6.0,1.1280792901838712,4.081703026366495,2.514426922891568,0.23760569891183245
16.300000000000097,0.18354389044001415,-0.21262451224339105,2.706220128628484,0.024981871371540464,6.0,6.0,1.1319695991616954,4.09426403117361,2.52267623818847,0.2376063836149315
16.350000000000097,-0.20438314994710055,0.23913847848714226,2.714471152059815,0.02498084794021008,-6.0,-6.0,-2.3290471614576087,-5.34019214837857,2.9188543020069155,-0.21415763054693218
16.400000000000098,-0.05675083411158737,0.2919205688302276,2.722724564938416,0.024977435061610084,-6.0,-6.0,-0.33631305215710344,-4.94229491454897,2.7794753990500034,-0.2669431337686175
16.4500000000001,-0.056997614247622876,0.2919432376464179,2.7309808418789583,0.024971158121068527,-6.0,-6.0,-0.25150116777242554,-5.968487880161627,2.7879784561265812,-0.26697207952534935
16.5000000000001,-0.056997614247622876,0.2919432376464179,2.739238515260005,0.024963484740021576,-6.0,-6.0,-0.25193715957390683,-5.985224401720507,2.796236129507628,-0.2669797529063963
16.5500000000001,-0.056997614247622876,0.2919432376464179,2.747495053287521,0.024956946712505885,-6.0,-6.0,-0.25239168961508585,-6.003430771957782,2.804492667535144,-0.266986290933912
16.6000000000001,-0.056997614247622876,0.2919432376464179,2.7557479132673692,0.02495408673265681,-6.0,-6.0,-0.2527849670405315,-6.021471652827381,2.812745527514992,-0.2669891509137611
16.6500000000001,-0.06420865583073432,-0.30692895072850873,2.7639945525054155,0.024957447494609722,6.0,6.0,-1.5054573936427864,5.770868495451267,2.82820320833615,0.33188639822311844
16.700000000000102,-0.3280042838955835,0.07770392345467951,2.772232428307525,0.024969571692499984,0.7659200222392608,0.11200037634184895,-2.615678583589647,0.1672229330630685,3.1002367122031083,-0.05273435176217953
16.750000000000103,0.09407920841904288,0.260703562112538,2.7804595921601947,0.024992407839829044,-6.0,-6.0,-0.020053149462815854,-3.4464447865165075,2.686380383741152,-0.23571115427270894
16.800000000000104,-0.13156349247024834,0.2781116695074886,2.788681002899794,0.025020997100229158,-6.0,-6.0,-0.8628768891774752,-7.231947820224892,2.9202444953700426,-0.25309067240725946
16.850000000000104,0.10821047552534944,0.2525304985760859,2.796906075717444,0.025045924282578264,-6.0,-6.0,0.5866313255521732,-3.813976575592315,2.6886956001920947,-0.22748457429350763
16.900000000000105,-0.33488034568195435,-0.05658181343806774,2.805144300076847,0.025057699923175084,-1.2147564119929273,-1.9515842643052719,-2.9473114092493784,-0.6031125097710855,3.140024645758801,0.08163951336124282
16.950000000000106,0.11743394415487995,-0.26487278531367525,2.8134051654417034,0.025046834558318326,6.0,6.0,-0.04153595334131103,3.444018441578348,2.6959712212868236,0.28991961987199355
17.000000000000107,-0.24066215496829313,0.21118254160369576,2.8216981612757155,0.0250038387243067,-6.0,-6.0,-2.5944985265624982,-4.088658943332342,3.0623603162440087,-0.18617870287938906
17.050000000000107,-0.32075138107068346,-0.09912291215770323,2.8300311109927603,0.024920889007262095,0.4132856080858974,-0.1539802573634368,-2.269063461797337,0.04939149537570679,3.1507824920634437,0.12404380116496533
17.100000000000108,-0.22068561789901212,-0.2440088077333174,2.8383874976435695,0.02481450235645408,6.0,6.0,-1.4143185991749858,3.764499020366561,3.0590731155425814,0.2688233100897715
17.15000000000011,-0.19535089813532203,-0.262455517436109,2.846732363606405,0.02471963639361976,6.0,6.0,-1.152719807131115,5.076127209145536,3.042083261741727,0.28717515382972875
17.20000000000011,0.2594990204373083,-0.0012430397760752722,2.8550302937205965,0.02467170627942893,-4.681196811936615,-4.47910402822347,0.8083711348525798,-1.74481920764954,2.5955312732832883,0.0259147460555042
17.25000000000011,-0.12792257126228126,-0.2948886477124336,2.863245872825475,0.02470612717455137,6.0,6.0,-1.495674242531431,7.903223229323011,2.9911684440877564,0.319594774886985
17.30000000000011,-0.0425183539731549,-0.30805124508746423,2.87134368576037,0.02485831423965687,6.0,6.0,-0.18575446528251005,5.721534398955972,2.913862039733525,0.3329095593271211
17.35000000000011,0.1432477600043856,-0.24057392979016204,2.8792928501281185,0.025159149871908537,6.0,6.0,0.8940168799479351,3.6916646643825035,2.7360450901237328,0.2657330796620706
17.400000000000112,0.20069288424804516,-0.17575630076899862,2.8871474518622904,0.025554548137736315,6.0,6.0,1.3846533405494403,3.0262368320714517,2.6864545676142453,0.20131084890673492
17.450000000000113,-0.27432254841278764,-0.20810279022101746,2.8950370390148343,0.025914960985191603,6.0,6.0,-2.3463540103667326,6.079967474670846,3.169359587427622,0.23401775120620907
17.500000000000114,-0.26213615773090937,-0.2230461480815018,2.9030937827647287,0.026108217235296535,6.0,6.0,-1.5162255112159142,4.358832822796681,3.165229940495638,0.24915436531679835
17.550000000000114,-0.23165058731353028,0.230449968047205,2.9114498542909515,0.026002145709073256,-6.0,-6.0,-1.9812521690721443,-3.215749576778546,3.143100441604482,-0.20444782233813175
17.600000000000115,-0.3459983917238202,0.05412878108031157,2.9202374247724805,0.025464575227543907,-6.0,-6.0,-2.1969301613621255,-2.7235746195033785,3.266235816496301,-0.028664205852767664
17.650000000000116,-0.34998285162991394,0.029547370095482667,2.9295767843870633,0.02437521561296148,-2.376042201390695,-2.900963973510563,-2.0996870884794685,-1.0051440333145254,3.279559636016977,-0.005172154482521188
17.700000000000117,0.24872575712715678,-0.0011748955507764353,2.9392944905024785,0.022907509497547017,0.16164338356791746,0.31844927167471804,0.6272235524272022,0.09144622004621629,2.6905687333753217,0.02408240504832345
17.750000000000117,-0.3084781298336805,-0.162598988010815,2.948911524383564,0.02154047561646269,6.0,6.0,-2.9634983163819917,4.364714461446627,3.2573896542172447,0.18413946362727768
17.800000000000118,-0.3330327038005673,-0.11043888664258783,2.9579346164750775,0.02076738352495016,6.0,6.0,-2.0097982207723275,2.560046023628583,3.290967320275645,0.131206270167538
17.85000000000012,0.16716556720859926,-0.21497063660142274,2.9658704972217778,0.021081502778251084,6.0,6.0,0.36083926935414856,2.747494514615221,2.7987049300131783,0.23605213937967381
17.90000000000012,-0.2262793164289252,-0.2565001847989702,2.9722258970684226,0.022976102931607116,6.0,6.0,-1.830961292329938,7.025873595483516,3.1985052134973477,0.2794762877305773
17.95000000000012,-0.13852274546457322,-0.2998244647705171,2.976520101130828,0.026931898869202033,6.0,6.0,-0.8303145567501037,5.186766302953775,3.115042846595401,0.32675636363971916
18.00000000000012,-0.1308391980695926,-0.3034686218606231,2.978697199023242,0.033004800976787665,6.0,6.0,-0.7799245959663542,5.672936714833906,3.1095363970928345,0.3364734228374108
18.05000000000012,-0.13684186632582182,0.2749157469578831,2.9792190781853276,0.04073292181470162,-6.0,-6.0,-1.535305533720917,-4.966746284842173,3.1160609445111493,-0.2341828251431815
18.100000000000122,-0.13684186632582182,0.2749157469578831,2.9785790081590733,0.049622991840955116,-6.0,-6.0,-0.38738771535253674,-5.908136528844409,3.115420874484895,-0.225292755116928
18.150000000000123,0.2384633434525765,0.03508019623021665,2.9772702584864685,0.059181741513559344,4.756402206423637,4.998790040439399,0.9695513360630452,1.8581318565453402,2.738806915033892,0.02410154528334269
18.200000000000124,-0.12014810680721932,0.2790147862688282,2.9757860987095017,0.06891590129052555,-6.0,-6.0,-0.8933049075389908,-7.9309902469130895,3.095934205516721,-0.21009888497830265
18.250000000000124,-0.3455202482810259,0.06959026045329561,2.974614786073406,0.07833721392662195,-6.0,-6.0,-2.0995831248322787,-4.2331429918474806,3.320135034354432,0.008746953473326338
18.300000000000125,-0.3303876714314828,0.11016054034912853,2.9740003066736462,0.08720169332638208,-6.0,-6.0,-1.6830471641410572,-2.9301647117515595,3.304387978105129,-0.022958847022746448
18.350000000000126,0.23276693140311494,0.06599706438226204,2.9738373521754413,0.09561464782458821,1.149787207929387,1.296189631704542,0.5856096951006197,0.46590035040646266,2.7410704207723264,0.02961758344232618
18.400000000000126,0.16377565610219008,0.1937274563569541,2.9739937514660766,0.10370824853395408,-6.0,-6.0,1.2591147816671984,-4.4645963800887944,2.8102180953638864,-0.09001920782300002
18.450000000000127,0.21730859541074582,0.11387484064941011,2.974337333432838,0.11161466656719342,-3.222760726179081,-2.831613828849608,1.5645875893178907,-1.1532142009578454,2.7570287380220924,-0.0022601740822166955
18.500000000000128,-0.10532065081031025,-0.30642903958763285,2.9747359269630125,0.11946607303701995,6.0,6.0,-1.6265619085507037,7.476054283043325,3.080056577773323,0.4258951126246528
18.55000000000013,-0.27020899727678116,0.19896227379020603,2.9750581381652337,0.127393861834799,-6.0,-6.0,-2.2161511676327135,-3.14979436982694,3.245267135442015,-0.07156841195540703
18.60000000000013,-0.09744409300713472,-0.3065370844652039,2.975231258800489,0.13547074119954353,6.0,6.0,-1.6126909337335946,4.2262018255593,3.0726753518076237,0.4420078256647474
18.65000000000013,0.07695008718115634,-0.2793835995954946,2.9752812473254995,0.14367075267453266,6.0,6.0,0.30402043620005553,4.675224710052066,2.8983311601443433,0.42305435227002725
18.70000000000013,0.23695894199613832,0.05873667426013934,2.9752435186491315,0.15195848135089982,-6.0,-6.0,1.2047529615330148,-2.46069074091217,2.738284576652993,0.09322180709076047
18.75000000000013,-0.1072645320727438,-0.3060242349336349,2.9751534876802523,0.16029851231977854,6.0,6.0,-1.5709306400119216,7.6193294421664275,3.0824180197529962,0.46632274725341344
18.800000000000132,0.24370536957273298,-0.01578694439052745,2.9750465693277284,0.1686554306723022,-2.6421945952484864,-2.401653269568858,0.9621653027185143,-0.9607329266318752,2.7313411997549952,0.18444237506282965
18.850000000000133,-0.10113111272556057,0.2828116959968085,2.9749580718760695,0.17699392812396086,-6.0,-6.0,-0.8275746234819319,-8.099528716353177,3.07608918460163,-0.10581776787284763
18.900000000000134,0.14328669291500512,0.20914600067495728,2.9749093772609787,0.18529262273905245,-6.0,-5.96630634690982,1.059503288475163,-2.3233311458930346,2.8316226843459735,-0.023853377935904835
18.950000000000134,-0.3561427702917985,0.010488291760508039,2.9748942508768303,0.19355774912320145,-6.0,-6.0,-2.9011531235796424,-3.0513678247144607,3.331037021168629,0.18306945736269342
19.000000000000135,-0.19847059570163889,-0.27730965453214407,2.9749032042008725,0.20179879579916069,6.0,6.0,-1.6275562714488625,3.046720677739654,3.1733737999025116,0.4791084503313048
19.050000000000136,-0.3226788730010119,-0.1496013158302402,2.9749267487103515,0.2100252512896829,6.0,6.0,-2.009181534821398,3.0340029962781627,3.297605621711363,0.35962656711992314
19.100000000000136,-0.05757995165339131,0.28787611258854207,2.9749553958825143,0.21824660411752098,-6.0,-6.0,-0.7308870907545577,-4.297206337567807,3.0325353475359056,-0.06962950847102109
19.150000000000137,-0.23468109038745216,-0.25341137130873226,2.9749796692433983,0.22647233075663736,6.0,6.0,-2.5626795151582944,3.0786774392592493,3.2096607596308506,0.4798837020653696
19.200000000000138,0.1948895747021246,-0.17666433908790052,2.9749933530229113,0.23470864697712485,5.7066492311986075,5.8498437309265885,0.5727779989119213,2.2012367546905134,2.780103778320787,0.41137298606502537
19.25000000000014,-0.05097056079588168,0.28763469799623786,2.9749978884571835,0.24295411154285262,-6.0,-6.0,-0.7242679224396725,-7.761655202649425,3.025968449253065,-0.04468058645338524
19.30000000000014,0.16455170513833794,-0.21578008445743788,2.9749958147283597,0.25120618527167565,6.0,6.0,-0.015496686019245143,6.406925620848183,2.810444109590022,0.4669862697291135
19.35000000000014,0.08215451941678488,0.25168601833081783,2.974989671018586,0.25946232898144883,-6.0,-6.0,0.2361738814732129,-6.8334121914404635,2.892835151601801,0.007776310650631002
19.40000000000014,-0.3266876289098114,-0.1472828611806296,2.974981996510007,0.26772000349002717,1.7851062249331011,1.0289208952577227,-3.0247413187015133,0.5360051657506331,3.3016696254198186,0.4150028646706568
19.45000000000014,-0.027169279209091863,0.28302194484517224,2.9749753294327648,0.2759766705672686,-6.0,-6.0,-0.5472667541651497,-4.273870238208754,3.002144608641857,-0.007045274277903635
19.500000000000142,-0.1487234119586257,0.27020911712050777,2.97497145835912,0.28423054164091266,-6.0,-6.0,-0.4303847958193367,-6.970695392908979,3.123694870317746,0.01402142452040489
19.550000000000143,-0.358984192343922,-0.012248551098242728,2.974970077870833,0.29248192212919905,-6.0,-6.0,-2.3914560151039224,-3.15923976165469,3.333954270214755,0.3047304732274418
19.600000000000144,0.1756932300130612,-0.20437095197779306,2.974970519762076,0.30073148023795554,6.0,6.0,-0.0038510219290781487,3.50521567877749,2.7992772897490146,0.5051024322157486
19.650000000000144,-0.02216133432386365,0.28088952521540195,2.974972115827021,0.3089798841730099,-6.0,-6.0,-0.49299051471706545,-7.6485611317456295,2.997133450150885,0.028090358957607975
19.700000000000145,0.18533776481862574,-0.19143012768940018,2.974974197859841,0.3172278021401898,6.0,6.0,0.2510349111635743,6.292563017339216,2.789636433041215,0.50865792982959
19.750000000000146,0.1930355416772663,-0.18019356281715282,2.974976097684458,0.3254759023155729,6.0,6.0,1.1946937945574954,4.274000666803519,2.781940556007192,0.5056694651327257
19.800000000000146,0.03820237821964057,-0.2996918818660838,2.9749773064477334,0.33372469355229784,6.0,6.0,-0.03294689409993928,7.443970718383526,2.936774928228093,0.6334165754183816
19.850000000000147,0.22415398743232315,-0.11804108858202435,2.9749778470051815,0.34197415299485073,4.282240922302469,4.590607921215675,1.2334679956528252,1.6900664463844084,2.7508238595728582,0.46001524157687507
19.900000000000148,-0.010942032674684264,-0.3127274227245015,2.974977852997967,0.35022414700206594,6.0,6.0,-0.53677075795677,8.028565444444107,2.985919885672651,0.6629515697265674
19.95000000000015,0.08241854035914693,0.247953511515783,2.974977458067256,0.35847454193277795,-6.0,-6.0,-0.026028750851917394,-6.0553375479963645,2.8925589177081092,0.11052103041699496
20.00000000000015,0.14012632380673068,-0.24173316350769047,2.974976795854214,0.3667252041458211,6.0,6.0,-0.020999688210361096,7.337180995718309,2.834850472047483,0.6084583676535116
