t,x_actual,y_actual,x_deseada,y_deseada,Ref_Izq,Ref_Der,Vel_Lineal,Vel_Angular,error_x,error_y
0.05,0.3,0.0,0.0249760000000037,0.0249760000000037,3.8789790000004984,2.895761000000504,-3.9328719999999775,1.2904266666668576,-0.27502399999999627,0.0249760000000037
0.1,0.3,0.0,0.041476000000002025,0.0249760000000037,0.053240250000022984,0.1652997500000094,0.4482379999999456,0.041626666666672835,-0.258523999999998,0.0249760000000037
0.15000000000000002,0.29818641329768647,0.03592879036588893,0.0579760000000009,0.0249760000000037,-5.289092537479901,-5.185114588343303,0.41591179654638877,-1.9950870715853724,-0.24021041329768555,-0.010952790365885232
0.2,0.28824147076743034,0.08484418802738625,0.07447600000000089,0.0249760000000037,-6.0,-6.0,0.37851626628798235,-3.0259087543987366,-0.21376547076742947,-0.05986818802738254
0.25,0.30023418785242495,0.008717420907672717,0.09097600000000224,0.0249760000000037,6.0,6.0,0.32627112559464166,3.8034419401877417,-0.20925818785242273,0.016258579092330985
0.3,-0.21138410704724908,-0.21288437590215656,0.10747600000000404,0.0249760000000037,6.0,6.0,-8.369394607063503,11.81126982261374,0.3188601070472531,0.23786037590216025
0.35,0.17481525035395334,-0.24344947603553313,0.12397600000000508,0.0249760000000037,-6.0,-6.0,-3.5429276952694027,-13.023944343965942,-0.05083925035394826,0.26842547603553685
0.39999999999999997,0.01614722196917355,0.29953963027347336,0.14047600000000446,0.0249760000000037,-6.0,-6.0,-8.09718870016275,-11.617762687699788,0.12432877803083091,-0.27456363027346964
0.44999999999999996,-0.04230178662493788,0.2971820653885702,0.15697600000000306,0.0249760000000037,-6.0,-6.0,-0.3128159699166748,-5.0846381983603415,0.19927778662494094,-0.2722060653885665
0.49999999999999994,0.246215403750353,-0.16844162413977792,0.17347600000000227,0.0249760000000037,6.0,6.0,-7.109390436377934,12.443912143671557,-0.07273940375035073,0.1934176241397816
0.5499999999999999,-0.21397598320200367,0.21485347346560268,0.18997600000000311,0.0249760000000037,-6.0,-6.0,-9.548019324758037,-4.726266869308371,0.40395198320200676,-0.189877473465599
0.6,-0.28659546897359106,0.10385063909792593,0.20647600000000493,0.0249760000000037,-6.0,-6.0,-1.2335021653842613,-7.289176738547647,0.493071468973596,-0.07887463909792222
0.65,-0.03260351210361256,0.2988448124660608,0.22297600000000647,0.0249760000000037,6.0,6.0,-2.761006749691693,11.24980265837727,0.255579512103619,-0.2738688124660571
0.7000000000000001,0.0352143051163655,-0.2971017445603105,0.23947600000000668,0.0249760000000037,6.0,6.0,-9.06305204631495,2.961612833310308,0.20426169488364118,0.32207774456031424
0.7500000000000001,-0.2656460366195402,-0.15010867891359808,0.2559760000000057,0.0249760000000037,6.0,6.0,-3.5681511105984844,15.050654594290133,0.5216220366195459,0.17508467891360177
0.8000000000000002,-0.2656460366195402,-0.15010867891359808,0.2724760000000041,0.0249760000000037,3.148611907347975,2.9545271811827774,-0.7763389046607904,1.162502683529667,0.5381220366195443,0.17508467891360177
0.8500000000000002,-0.1648354900278909,-0.2547120172718241,0.28897600000000234,0.0249760000000037,-6.0,-6.0,-1.0815108574073498,-5.001740576614943,0.4538114900278932,0.2796880172718278
0.9000000000000002,-0.1648354900278909,-0.2547120172718241,0.3054760000000011,0.0249760000000037,5.4734951622035855,5.336938360297944,-0.546227207622568,2.0591301947621963,0.47031149002789197,0.2796880172718278
0.9500000000000003,0.2686480263223799,0.1156584492590025,0.3219760000000008,0.0249760000000037,-6.0,-6.0,-7.594640276264392,-9.706212773339278,0.05332797367762093,-0.09068244925899879
1.0000000000000002,-0.15456556428632978,0.2619508722420345,0.33847600000000205,0.0249760000000037,-6.0,-6.0,-5.5346068956849,-17.04840101376498,0.49304156428633183,-0.23697487224203082
1.0500000000000003,0.09488584294098329,0.2826890971637929,0.3549760000000039,0.0249760000000037,6.0,6.0,-1.4443363314346422,9.014777065543337,0.2600901570590206,-0.2577130971637892
1.1000000000000003,0.2110103592180593,-0.2049224580334728,0.37147600000000525,0.0249760000000037,6.0,6.0,-5.878856316959463,15.565724062838473,0.16046564078194595,0.2298984580334765
1.1500000000000004,0.1156229961367532,0.2740949589901514,0.3879760000000049,0.0249760000000037,-6.0,-6.0,-5.782956602257887,-16.529339700069855,0.2723530038632517,-0.24911895899014772
1.2000000000000004,-0.20723734447264586,-0.22443051705128858,0.40447600000000344,0.0249760000000037,-5.178472071775642,-6.0,-9.490009085074258,-2.4246564599656852,0.6117133444726492,0.24940651705129227
1.2500000000000004,-0.3098780657786109,0.009040965946576357,0.42097600000000246,0.0249760000000037,6.0,6.0,-2.5781191147335116,11.413960199421009,0.7308540657786133,0.015935034053427343
1.3000000000000005,0.26029389864408714,0.12556550037344041,0.43747600000000303,0.0249760000000037,6.0,6.0,-7.920801008207968,5.468089503757771,0.1771821013559159,-0.10058950037343671
1.3500000000000005,0.2844086524367319,0.0013619003212765272,0.4539760000000048,0.0249760000000037,6.0,6.0,0.3011708395664618,6.249211346620141,0.1695673475632729,0.02361409967872717
1.4000000000000006,-0.005578522056599807,0.30116213780024864,0.47047600000000644,0.0249760000000037,-6.0,-6.0,-4.441581832621224,-17.775499996071378,0.47605452205660626,-0.2761861378002449
1.4500000000000006,-0.005578522056599807,0.30116213780024864,0.4869760000000069,0.0249760000000037,-6.0,-6.0,-0.1076393435876498,-2.7610232466677376,0.4925545220566067,-0.2761861378002449
1.5000000000000007,-0.005578522056599807,0.30116213780024864,0.5034760000000061,0.0249760000000037,-6.0,-6.0,-0.1073352938468375,-2.788504564312533,0.509054522056606,-0.2761861378002449
1.5500000000000007,-0.005578522056599807,0.30116213780024864,0.5199760000000045,0.0249760000000037,-6.0,-6.0,-0.1070312441060246,-2.815985881957382,0.5255545220566044,-0.2761861378002449
1.6000000000000008,0.24098561153350606,-0.14448333132130486,0.5364760000000028,0.0249760000000037,6.0,6.0,-5.888546518765809,14.903382498634777,0.2954903884664968,0.16945933132130855
1.6500000000000008,-0.2141965474456076,-0.22915888177996735,0.5529760000000015,0.0249760000000037,6.0,6.0,-6.062203331308611,16.95338597884964,0.767172547445609,0.25413488177997107
1.7000000000000008,-0.31070110974036946,0.07913727578386842,0.569476000000001,0.0249760000000037,6.0,6.0,-3.58612543415156,12.846689839309553,0.8801771097403704,-0.05416127578386472
1.7500000000000009,-0.1734536141197583,-0.2569804460159707,0.585976000000002,0.0249760000000037,-6.0,-6.0,-3.904001298037777,-11.94101557919092,0.7594296141197603,0.2819564460159744
1.800000000000001,0.27224563178301275,-0.055815685838831355,0.6024760000000038,0.0249760000000037,-6.0,-6.0,-5.269435683741819,-13.504637867121229,0.33023036821699103,0.08079168583883506
1.850000000000001,0.037142610819388536,-0.2929164432482008,0.6189760000000053,0.0249760000000037,6.0,6.0,-2.7534604613053544,16.845299904423626,0.5818333891806168,0.31789244324820454
1.900000000000001,-0.3127213324782885,-0.0894333370566268,0.6354760000000051,0.0249760000000037,6.0,6.0,-5.114594907944431,15.809850561390782,0.9481973324782936,0.1144093370566305
1.950000000000001,0.2238950913442343,-0.16480016990723378,0.6519760000000039,0.0249760000000037,-6.0,-6.0,-6.733858734153452,-9.90567939842742,0.4280809086557696,0.18977616990723747
2.000000000000001,-0.04460944984341734,0.29954703338760574,0.6684760000000027,0.0249760000000037,-6.0,-6.0,-7.362760553162313,-15.221605276813943,0.71308544984342,-0.274571033387602
2.0500000000000007,0.24441948080399384,0.122393677930393,0.684976000000003,0.0249760000000037,6.0,6.0,-2.1616669646916282,12.757112771181392,0.4405565191960092,-0.0974176779303893
2.1000000000000005,0.013784922093535799,-0.29725991150668873,0.7014760000000047,0.0249760000000037,6.0,6.0,-5.734796493221617,17.632988061034315,0.6876910779064689,0.32223591150669245
2.1500000000000004,0.24736782777993505,0.11005319263892455,0.7179760000000064,0.0249760000000037,-6.0,-6.0,-4.772654983972243,-15.74551690615188,0.47060817222007134,-0.08507719263892084
2.2,-0.27550505883079224,0.17544707823794073,0.7344760000000069,0.0249760000000037,-6.0,-6.0,-7.837527832980689,-14.664637709385275,1.0099810588307991,-0.15047107823793704
2.25,0.055241720679555815,0.2851881972052494,0.7509760000000061,0.0249760000000037,6.0,6.0,-2.893108080213963,11.091966014413257,0.6957342793204503,-0.2602121972052457
2.3,0.055241720679555815,0.2851881972052494,0.7674760000000045,0.0249760000000037,-6.0,-6.0,0.15259876243904943,-3.1006848312785755,0.7122342793204487,-0.2602121972052457
2.3499999999999996,-0.25786420616531447,-0.20345627642838646,0.7839760000000027,0.0249760000000037,-6.0,-6.0,-9.294506678590393,-5.38069874609073,1.0418402061653171,0.22843227642839015
2.3999999999999995,0.01395412676446213,0.2935063540248962,0.8004760000000012,0.0249760000000037,6.0,6.0,-8.009570619765654,5.855335738171728,0.786521873235539,-0.2685303540248925
2.4499999999999993,-0.1479750267963006,-0.28090565263076916,0.8169760000000005,0.0249760000000037,1.286235879953327,-1.0731846824656497,-9.437682249675907,0.04058118047384331,0.9649510267963011,0.3058816526307729
2.499999999999999,-0.3387131406214441,0.0011723389849703286,0.8334760000000013,0.0249760000000037,6.0,6.0,-4.070560362149503,13.916696530780253,1.1721891406214455,0.02380366101503337
2.549999999999999,-0.3406710772804895,-0.009890583969678894,0.8499760000000031,0.0249760000000037,-1.1841647496504666,-1.485787132794444,-1.2064895325759109,-0.5085622633228402,1.1906470772804925,0.03486658396968259
2.5999999999999988,-0.24096370751842064,-0.22494443921405868,0.8664760000000046,0.0249760000000037,-6.0,-6.0,-2.2441403744765176,-8.382694521635784,1.1074397075184252,0.24992043921406237
2.6499999999999986,-0.3287349483519999,-0.08633485674099009,0.8829760000000046,0.0249760000000037,6.0,6.0,-1.8322794517484848,8.810900688862885,1.2117109483520045,0.1113108567409938
2.6999999999999984,-0.29998274482381243,0.14985354812719467,0.8994760000000033,0.0249760000000037,6.0,6.0,-2.4709181792602584,9.097578359466576,1.1994587448238156,-0.12487754812719097
2.7499999999999982,0.07355120495667787,-0.27906688204855057,0.915976000000002,0.0249760000000037,-6.0,-6.0,-7.8523215262744275,-5.689879092979214,0.8424247950433241,0.3040428820485543
2.799999999999998,-0.07451947096334818,0.2959552713699201,0.932476000000002,0.0249760000000037,-6.0,-6.0,-9.067906431349575,-7.766495111518932,1.0069954709633502,-0.2709792713699164
2.849999999999998,0.11059731805063344,0.25609237167863047,0.9489760000000034,0.0249760000000037,6.0,6.0,-0.48932131255400946,5.927227873047557,0.8383786819493699,-0.23111637167862678
2.8999999999999977,0.20547329324979682,-0.17210562413949687,0.9654760000000052,0.0249760000000037,6.0,6.0,-4.076005471814313,17.040181549079318,0.7600027067502084,0.19708162413950056
2.9499999999999975,0.10750293935214786,0.2585101184089954,0.981976000000006,0.0249760000000037,-6.0,-6.0,-4.484650430219552,-18.044215604896127,0.8744730606478581,-0.23353411840899171
2.9999999999999973,-0.31070195704295817,-0.13190078632009702,0.9984760000000054,0.0249760000000037,-6.0,-6.0,-9.3342564838988,-7.006837440352496,1.3091779570429636,0.15687678632010071
3.049999999999997,-0.27331725428283876,-0.19076595243063094,1.0149760000000039,0.0249760000000037,-2.9596952711850353,-3.2439565522399514,-1.1370451242196657,-1.1816479663666641,1.2882932542828427,0.21574195243063463
3.099999999999997,0.22873788055926042,0.13093953119393772,1.031476000000002,0.0249760000000037,-6.0,-6.0,-8.03566279006437,-4.8951944338095865,0.8027381194407417,-0.10596353119393402
3.149999999999997,-0.08961655825337143,-0.2982856453813845,1.0479760000000005,0.0249760000000037,6.0,6.0,-7.466323732600567,15.944215468247998,1.137592558253372,0.32326164538138824
3.1999999999999966,-0.328736081746523,0.08548743553059361,1.0644759999999995,0.0249760000000037,6.0,6.0,-6.340424834124765,13.70928568115657,1.3932120817465226,-0.06051143553058991
3.2499999999999964,0.24317837721310961,0.09110973785796626,1.080976,0.0249760000000037,6.0,6.0,-7.242530070715342,7.491542360529945,0.8377976227868903,-0.06613373785796256
3.2999999999999963,-0.2164851516529964,0.2418642039571975,1.0974760000000017,0.0249760000000037,-6.0,-6.0,-6.654349975192553,-17.455684595270437,1.313961151652998,-0.2168882039571938
3.349999999999996,0.16735369536964875,-0.21927459331797344,1.1139760000000032,0.0249760000000037,6.0,6.0,-8.343383838297191,4.82134532760246,0.9466223046303545,0.24425059331797713
3.399999999999996,0.26107923058769933,0.0017048194205976958,1.1304760000000036,0.0249760000000037,-6.0,-6.0,-0.4341310783377674,-10.99327779817313,0.8693967694123043,0.023271180579406005
3.4499999999999957,0.23629661869302088,0.12087918753387432,1.1469760000000027,0.0249760000000037,-6.0,-6.0,0.5310184846391874,-7.498272248250945,0.9106793813069818,-0.09590318753387062
3.4999999999999956,0.26198290081677666,-0.004108321535230492,1.163476000000001,0.0249760000000037,6.0,6.0,0.6288996893659149,6.313595921856577,0.9014930991832244,0.029084321535234194
3.5499999999999954,-0.11389248887391196,-0.29241008971860316,1.1799760000000008,0.0249760000000037,6.0,6.0,-6.057882791095679,18.407762068230166,1.2938684888739127,0.3173860897186069
3.599999999999995,-0.26228092430196226,-0.20279427000659175,1.196476000000002,0.0249760000000037,6.0,6.0,-1.8011431780679237,10.928888457757123,1.4587569243019645,0.22777027000659544
3.649999999999995,0.030007465011471654,-0.2936986178655803,1.2129760000000038,0.0249760000000037,-6.0,-6.0,-2.2342315262722243,-9.229098318279682,1.1829685349885322,0.31867461786558404
3.699999999999995,-0.33202100593235234,-0.07211930062447182,1.229476000000005,0.0249760000000037,6.0,6.0,-5.8359452599386294,15.90052923935719,1.5614970059323572,0.09709530062447552
3.7499999999999947,-0.2255839500292443,-0.23605125703717733,1.2459760000000044,0.0249760000000037,-6.0,-6.0,-1.8459801479894455,-6.126514664560595,1.4715599500292487,0.26102725703718105
3.7999999999999945,0.18916872945394164,-0.19642707806380022,1.262476000000003,0.0249760000000037,-6.0,-6.0,-3.5739253125361663,-12.267314192934126,1.0733072705460613,0.2214030780638039
3.8499999999999943,-0.30671481609257,-0.13859162490236107,1.2789760000000014,0.0249760000000037,6.0,6.0,-7.484234786857712,15.703870256418382,1.5856908160925713,0.16356762490236476
3.899999999999994,0.05770532534621096,0.2809920498553653,1.2954759999999996,0.0249760000000037,6.0,6.0,-7.47080417198328,6.375575159616802,1.2377706746537886,-0.2560160498553616
3.949999999999994,-0.12041711085819243,0.2872544488949558,1.3119759999999987,0.0249760000000037,-6.0,-6.0,-1.2527830576420496,-12.56390164802874,1.432393110858191,-0.2622784488949521
3.999999999999994,0.14988622056358392,-0.232196960996551,1.328475999999999,0.0249760000000037,6.0,6.0,-7.921408369385642,9.616238480355003,1.178589779436415,0.2571729609965547
4.049999999999994,0.14988622056358392,-0.232196960996551,1.3449760000000006,0.0249760000000037,6.0,6.0,0.6575346080446339,3.2743332061548425,1.1950897794364166,0.2571729609965547
4.099999999999993,-0.3177447497853679,-0.12856564419848074,1.3614760000000024,0.0249760000000037,6.0,6.0,-7.04001098251881,16.23209964364344,1.6792207497853702,0.15354164419848443
4.149999999999993,0.2502529640860904,-0.05338253374803712,1.377976000000003,0.0249760000000037,-6.0,-6.0,-7.0919507066095395,-7.697773077482779,1.1277230359139125,0.07835853374804082
4.199999999999993,-0.34112190827361943,0.03078517645179751,1.394476000000002,0.0249760000000037,2.3881125569360875,-0.21001230662224346,-10.392499454233324,0.41487623815501795,1.7355979082736215,-0.00580917645179381
4.249999999999993,-0.34191293681806534,0.008556072667560307,1.4109760000000005,0.0249760000000037,-3.2500763798146335,-3.613351704231477,-1.4531012976673734,-1.307319635056402,1.7528889368180658,0.016419927332443393
4.299999999999993,-0.305596527049485,-0.15053908310959288,1.427476,0.0249760000000037,-6.0,-6.0,-2.0010570872762106,-5.701933453333368,1.733072527049485,0.17551508310959657
4.3499999999999925,-0.3145461113841516,0.12996162377489628,1.443976000000001,0.0249760000000037,6.0,6.0,-3.3182432221797957,10.364569645950084,1.7585221113841527,-0.10498562377489258
4.399999999999992,0.2124803969311227,0.14754679471380716,1.4604760000000028,0.0249760000000037,6.0,6.0,-5.953910251606582,10.327359286081553,1.2479956030688801,-0.12257079471380346
4.449999999999992,-0.29170215084725876,0.17058348133644913,1.4769760000000038,0.0249760000000037,-6.0,-6.0,-7.580883775669999,-16.38027831253521,1.7686781508472627,-0.14560748133644544
4.499999999999992,0.08460235370139788,-0.2733097008027993,1.4934760000000036,0.0249760000000037,-6.0,-6.0,-8.032119509314729,-3.0915871297189605,1.4088736462986058,0.29828570080280303
4.549999999999992,-0.20673921442270266,-0.25626251318240434,1.5099760000000024,0.0249760000000037,6.0,6.0,-3.019668127371905,16.53422936006148,1.7167152144227051,0.28123851318240806
4.599999999999992,-0.06448757948011374,0.29605229357052987,1.5264760000000006,0.0249760000000037,6.0,6.0,-8.35875586129197,4.230561666696896,1.5909635794801145,-0.27107629357052615
4.6499999999999915,0.15210775322009115,0.22054310855940595,1.542975999999999,0.0249760000000037,6.0,6.0,-0.5390430057736874,7.214888590240768,1.3908682467799078,-0.19556710855940226
4.699999999999991,-0.219567784154412,-0.2500570817961937,1.5594759999999979,0.0249760000000037,6.0,6.0,-9.931172207478888,5.531381566928881,1.7790437841544098,0.2750330817961974
4.749999999999991,0.23344444529672465,0.10899048070680106,1.5759759999999978,0.0249760000000037,-6.0,-6.0,-7.168359525580835,-9.909323543141134,1.3425315547032732,-0.08401448070679736
4.799999999999991,-0.2406860974298752,-0.2230973902362664,1.5924759999999993,0.0249760000000037,6.0,6.0,-9.552482457203736,9.932347074040381,1.8331620974298746,0.2480733902362701
4.849999999999991,-0.26417357630483657,-0.19619538706603754,1.608976000000001,0.0249760000000037,6.0,6.0,-1.2144811841026237,4.823843758485633,1.8731495763048376,0.22117138706604123
4.899999999999991,0.19025111443580955,-0.1937324320388981,1.625476000000002,0.0249760000000037,-6.0,-6.0,-4.2483522631417925,-11.757283908384188,1.4352248855641925,0.21870843203890178
4.94999999999999,-0.1549997922922932,0.27738692989571784,1.6419760000000012,0.024976000000003697,-6.0,-6.0,-9.230692413340755,-10.964196777919708,1.7969757922922944,-0.2524109298957141
4.99999999999999,0.07622474297244228,0.28005457955621127,1.6584759999999998,0.024976000000003693,6.0,6.0,-0.9433636552281609,6.277877841022519,1.5822512570275575,-0.25507857955620755
5.04999999999999,0.07587623005957453,-0.2766867275967081,1.674975999999999,0.0249760000000037,6.0,6.0,-7.330268205458352,15.077956557459094,1.5990997699404244,0.3016627275967118
5.09999999999999,0.25874817062244426,0.0355778837428386,1.691476,0.024976000000003714,-6.0,-6.0,-1.9907579318072903,-14.954137932625537,1.4327278293775558,-0.010601883742834887
5.14999999999999,-0.2867175356144685,0.1691365498251661,1.7079760000000017,0.02497600000000372,-6.0,-6.0,-9.240374978986004,-12.524989816712406,1.9946935356144702,-0.14416054982516238
5.1999999999999895,-0.08880094088583095,0.2966133325404401,1.7244760000000032,0.0249760000000037,6.0,6.0,-1.7683755822836318,6.028726397306351,1.8132769408858342,-0.27163733254043637
5.249999999999989,0.2592791091326197,-0.021882275337111044,1.7409760000000032,0.024976000000003648,6.0,6.0,-4.23985384838629,15.020054541600567,1.4816968908673835,0.04685827533711469
5.299999999999989,0.12810962829153866,0.24692887285490314,1.757476000000002,0.02497600000000362,-6.0,-6.0,-1.5277815151990952,-17.035674260733735,1.6293663717084634,-0.2219528728548995
5.349999999999989,-0.32585171462747053,-0.09216357704739346,1.7739760000000002,0.02497600000000369,-6.0,-6.0,-9.606779043781398,-7.717614869228909,2.099827714627471,0.11713957704739715
5.399999999999989,-0.31174352423650087,-0.12610649943669194,1.7904759999999982,0.024976000000003884,0.7676569137946216,0.3847917478342404,-1.531460663841525,0.21951403078644993,2.102219524236499,0.15108249943669583
5.449999999999989,-0.1589204972953998,0.27526153538219766,1.8069759999999968,0.024976000000004,6.0,6.0,-5.353393342056402,10.352686417409316,1.9658964972953967,-0.25028553538219367
5.4999999999999885,-0.22384296336519685,0.23697093281675033,1.8234759999999968,0.02497600000000375,-6.0,-6.0,-1.204762703948753,-7.744902426713986,2.0473189633651936,-0.21199493281674658
5.549999999999988,-0.3265397849849225,-0.08909428357403434,1.8399759999999987,0.02497600000000303,-6.0,-6.0,-4.524297799462435,-12.58805110597671,2.166515784984921,0.11407028357403737
5.599999999999988,-0.21913928521826226,0.24053959167517888,1.856476000000001,0.02497600000000259,6.0,6.0,-4.059910786520334,10.023736483812623,2.075615285218263,-0.2155635916751763
5.649999999999988,0.2190801462655843,-0.14775671793226713,1.8729760000000013,0.024976000000003457,6.0,6.0,-7.387788136041986,8.866426542982193,1.653895853734417,0.1727327179322706
5.699999999999988,0.17306130274231268,0.20460014880734953,1.8894759999999982,0.02497600000000611,-6.0,-6.0,-2.174559479197109,-17.85233384888034,1.7164146972576855,-0.17962414880734343
5.749999999999988,-0.34298217192240626,-0.03914231633189889,1.905975999999995,0.024976000000007846,-6.0,-6.0,-9.8153145588506,-8.44963834476713,2.248958171922401,0.06411831633190673
5.799999999999987,-0.26948365826608234,0.19596088883882468,1.9224759999999972,0.024976000000004817,6.0,6.0,-2.8287140067063103,7.725324320149274,2.1919596582660796,-0.17098488883881985
5.849999999999987,0.1210823787616118,0.24375020898508606,1.9389760000000076,0.024975999999995026,6.0,6.0,-3.135467355858503,10.523128953821047,1.8178936212383958,-0.21877420898509103
5.899999999999987,-0.3390177273380884,-0.07918778470094193,1.955476000000016,0.024975999999988233,-6.0,-6.0,-9.565670420000444,-8.744785272569523,2.2944937273381045,0.10416378470093016
5.949999999999987,0.2316663004274451,-0.11567090045306432,1.9719760000000068,0.024975999999998794,-6.0,-6.0,-6.834631256931555,-6.878603269440875,1.7403096995725618,0.1406469004530631
5.999999999999987,-0.05854293559438296,-0.30377740676901216,1.9884759999999713,0.024976000000034863,6.0,6.0,-3.2244763443930187,19.42812203315127,2.0470189355943544,0.328753406769047
6.0499999999999865,-0.3127887061297223,0.13695304476343492,2.004975999999944,0.024976000000061335,6.0,6.0,-8.053642368934238,10.744646771833478,2.3177647061296662,-0.11197704476337358
6.099999999999986,-0.23983353767520532,-0.23751563876096926,2.021475999999979,0.024976000000024673,-6.0,-6.0,-4.82765543537979,-10.600421733241747,2.261309537675184,0.2624916387609939
6.149999999999986,0.23380691820191965,0.09069523661920265,2.03797600000011,0.024975999999891956,-6.0,-6.0,-6.92752314632248,-9.552463551085852,1.8041690817981906,-0.06571923661931069
6.199999999999986,0.23296801562929623,0.09359665159783419,2.054476000000211,0.02497599999978915,-5.193789641870578,-4.846532366131776,1.3890291029552067,-1.9124422872385436,1.821507984370915,-0.06862065159804503
6.249999999999986,0.23296801562929623,0.09359665159783419,2.070976000000084,0.02497599999991589,-4.823426127096182,-4.473562947718769,1.3994527175096514,-1.7708550618695145,1.8380079843707877,-0.0686206515979183
6.299999999999986,-0.21695276007627654,-0.2546173769415837,2.0874759999995973,0.02497600000040362,6.0,6.0,-9.187354555061837,13.432863932798774,2.304428760075874,0.2795933769419873
6.349999999999985,-0.21695276007627654,-0.2546173769415837,2.103975999999201,0.024976000000801607,6.0,6.0,-1.087784004542886,4.542135156047822,2.3209287600754775,0.2795933769423853
6.399999999999985,0.21988173464519756,-0.13705225368974475,2.120475999999638,0.02497600000036554,-6.0,-6.0,-3.7931424594365346,-12.333587865398705,1.9005942653544405,0.16202825369011029
6.449999999999985,-0.269644958906519,0.19845158073147762,2.136976000001428,0.024975999998575346,-6.0,-6.0,-10.152760439847624,-8.413441733139427,2.406620958907947,-0.17347558073290226
6.499999999999985,-0.29133740741830383,0.170538243853412,2.153476000002963,0.0249759999970392,-6.0,-6.0,-1.5142239476110302,-5.103003378282141,2.444813407421267,-0.1455622438563728
6.549999999999985,-0.34655247505728465,-0.01533599443326799,2.1699760000014696,0.02497599999853137,-6.0,-6.0,-2.7557525547703294,-9.060935631457792,2.516528475058754,0.040311994431799364
6.5999999999999845,-0.33115404339802096,-0.09846883437412793,2.186475999994907,0.024976000005094093,-6.0,-6.0,-1.932614382385025,-2.482938430810797,2.517630043392928,0.12344483437922202
6.649999999999984,-0.23530101078945553,-0.23687078769753914,2.2029759999889955,0.02497600001100722,-6.0,-6.0,-1.9330800417592016,-3.7455307519052217,2.4382770107784513,0.26184678770854636
6.699999999999984,-0.14805169401622484,-0.2862145853737262,2.2194759999940707,0.024976000005933623,1.1017086051737237,0.8523742677721381,-0.9973373496063422,0.37220626151349745,2.3675276940102954,0.3111905853796598
6.749999999999984,0.24109048479466932,0.09432388608214576,2.2359760000181,0.02497599998190492,-6.0,-6.0,-5.925383899713373,-13.348024329795042,1.9948855152234308,-0.06934788610024084
6.799999999999984,0.2291957536131124,0.12266640142219379,2.2524760000408044,0.024975999959200117,-6.0,-6.0,1.3972517009177496,-3.9392888748475143,2.023280246427692,-0.09769040146299367
6.849999999999984,-0.20354179653543775,-0.2586254229329481,2.2689760000236805,0.024975999976322355,6.0,6.0,-9.39119967891902,12.965273268681504,2.472517796559118,0.2836014229092705
6.8999999999999835,0.24286973815262458,0.09058939060408007,2.28547599993581,0.0249760000641913,-6.0,-6.0,-6.515487990616201,-11.21276141999278,2.0426062617831855,-0.06561339053988877
6.949999999999983,0.25785316448369555,0.03287910111882275,2.3019759998488296,0.024976000151170033,5.744360655282169,6.0,1.4742954648570024,2.258532414624493,2.044122835365134,-0.007903100967652718
6.999999999999983,0.24866458047353512,-0.09485205998432589,2.3184759999060978,0.024976000093901003,6.0,6.0,1.0875615091207556,8.017091570422318,2.0698114194325625,0.11982806007822688
7.049999999999983,-0.03310741071431939,0.2940035043404734,2.3349760002270172,0.024975999772982423,-6.0,-6.0,-5.85237032439403,-20.33513508014019,2.3680834109413365,-0.26902750456749097
7.099999999999983,-0.31662505065326046,-0.12017347100636165,2.3514760005595035,0.02497599944049775,-6.0,-6.0,-8.094242625367125,-11.540328058211957,2.668101051212764,0.1451494704468594
7.149999999999983,-0.3406660617385002,0.004129782271871779,2.367976000370029,0.024975999629973974,6.0,6.0,-2.3513405788354853,5.929439873441053,2.708642062108529,0.020846217358102194
7.199999999999982,0.24428719681347344,0.08758782153523136,2.3844759991994438,0.024976000800559225,6.0,6.0,-7.172794467424341,3.312398803904411,2.1401888023859703,-0.06261182073467213
7.249999999999982,0.022375163247163744,0.2876686777585082,2.4009759979310528,0.02497600206894877,-6.0,-6.0,-1.9869312995568897,-18.805719082366338,2.378600834683889,-0.2626926756895594
7.299999999999982,-0.332909391632561,-0.07978339268380587,2.4174759985495187,0.02497600145048134,-6.0,-6.0,-8.435119047303036,-11.942272261037134,2.7503853901820796,0.10475939413428721
7.349999999999982,-0.2864505972305249,-0.18026256579500152,2.4339760028138726,0.024975997186127676,-4.863025425754279,-5.349759820729656,-1.9469375799015103,-1.945292427901702,2.7204266000443975,0.2052385629811292
7.399999999999982,-0.2999324587919374,0.1506463473130868,2.4504760076434353,0.02497599235656636,6.0,6.0,-4.451567729727907,10.589653493046333,2.7504084664353727,-0.12567035495652043
7.4499999999999815,0.2323817673760271,-0.12171676718098225,2.4669760056592835,0.024975994340719843,6.0,6.0,-7.412194827152023,4.616370060006633,2.2345942382832567,0.14669276152170208
7.499999999999981,0.09838249847604955,-0.2683024744121125,2.483475990144795,0.024976009855209258,6.0,6.0,-0.25346769989754403,14.8044439496059,2.385093491668745,0.2932784842673218
7.549999999999981,0.02385498866820674,0.2871644614106607,2.499975971788645,0.02497602821135838,-6.0,-6.0,-7.529724786564097,-16.170113094287263,2.4761209831204383,-0.26218843319930235
7.599999999999981,0.0444043776870267,-0.289103972082535,2.516475978010227,0.024976021989775308,6.0,6.0,-7.8957728313639715,13.897020606944041,2.4720716003232,0.31407999407231035
7.649999999999981,0.23438176539039063,-0.09798916891245536,2.532976034380073,0.02497596561992747,-6.0,-6.0,-0.18519367981277507,-10.053138176898697,2.2985942689896826,0.12296513453238284
7.699999999999981,0.021392401009413177,0.2874659628025719,2.5494761040288356,0.024975895971163294,-6.0,-6.0,-4.532166342758338,-21.026194593709377,2.5280837030194223,-0.26249006683140863
7.7499999999999805,0.22199418426318215,0.12115550987900235,2.5659760851297126,0.024975914870285245,6.0,6.0,-0.12648199416167774,9.162810975717235,2.3439819008665306,-0.0961795950087171
7.79999999999998,-0.06430133363618941,-0.3034012271831505,2.582475880593029,0.02497611940696951,6.0,6.0,-6.792638296641817,19.696630633874808,2.646777214229218,0.32837734659012
7.84999999999998,0.2351576732402486,-0.09052635824801762,2.5989756167550997,0.024976383244900528,-6.0,-6.0,-1.7069035119888258,-12.64184223198302,2.363817943514851,0.11550274149291814
7.89999999999998,-0.3203534431832014,0.1322412902230789,2.6154756715239413,0.024976328476060662,-6.0,-6.0,-10.790939873342888,-5.565194609369999,2.935829114707143,-0.10726496174701824
7.94999999999998,-0.176429486367348,0.2699317007669378,2.6319764126622562,0.024975587337745637,6.0,6.0,-1.9214432619984847,3.5374042303512483,2.808405899029604,-0.24495611342919216
7.99999999999998,0.20207373743611506,-0.1601846311743753,2.64847741055214,0.02497458944786071,6.0,6.0,-6.724422743959656,11.850771767369034,2.446403673116025,0.18515922062223603
8.04999999999998,0.2449150269314987,-0.012235505851443805,2.664977263641664,0.024974736358335293,-6.0,-6.0,1.2096452186172482,-7.218945296475581,2.4200622367101654,0.0372102422097791
8.09999999999998,-0.21707953157213866,-0.2562946023243065,2.6814745818896837,0.024977418110315595,6.0,6.0,-8.017776814967897,18.375098000961973,2.8985541134618225,0.2812720204346221
8.14999999999998,0.020309176186075202,-0.29330334483871384,2.6979708133315596,0.02498118666844139,-6.0,-6.0,-1.1104650649122922,-4.692722062787442,2.6776616371454844,0.31828453150715524
8.199999999999982,0.1396549388883334,0.22298142960917228,2.714471152059793,0.024980847940210087,-6.0,-6.0,-5.865167483260287,-17.36014642552082,2.5748162131714594,-0.1980005816689622
8.249999999999982,0.09385764141103242,0.25550946862332646,2.7309808418789356,0.024971158121068548,-6.0,-6.0,0.7866457767306303,-8.445797952720495,2.637123200467903,-0.23053831050225793
8.299999999999983,-0.31079743914398444,-0.16685474028951075,2.747495053287498,0.0249569467125059,-6.0,-6.0,-10.361182875637699,-3.0993864671481077,3.0582924924314825,0.19181168700201665
8.349999999999984,-0.07677582384036427,0.29647099488849055,2.7639945525053933,0.0249574474946097,6.0,6.0,-6.995853608066367,6.27914663436785,2.8407703763457577,-0.27151354739388084
8.399999999999984,-0.3615702075074343,-0.040135393529759034,2.7804595921601725,0.02499240783982897,-6.0,-6.0,-7.00169266944698,-14.148881757385087,3.1420297996676068,0.06512780136958801
8.449999999999985,-0.36285170888030965,-0.039940429201592846,2.796906075717422,0.02504592428257821,2.3688094215617603,1.8283188404914072,-2.1619623242814128,0.7994530022958415,3.1597577845977316,0.06498635348417106
8.499999999999986,0.18060944855254135,0.16560622368029598,2.813405165441681,0.025046834558318392,6.0,6.0,-6.951694775808871,2.9344159763311843,2.63279571688914,-0.1405593891219776
8.549999999999986,0.19376247390625911,0.14289847956500917,2.830031110992738,0.024920889007262366,-5.285364441060225,-4.878922839798409,1.6257664050472664,-1.9360547201635494,2.636268637086479,-0.11797759055774681
8.599999999999987,0.011301226886079027,-0.29041351233943946,2.846732363606382,0.02471963639361997,6.0,6.0,-5.118688642797991,21.2099553105232,2.8354311367203033,0.3151331487330594
8.649999999999988,-0.3470449474533691,-0.11684980792578208,2.863245872825453,0.024706127174551135,6.0,6.0,-6.003364573858255,17.457421953006403,3.210290820278822,0.1415559351003332
8.699999999999989,-0.3572721487427504,-0.09208557328028176,2.879292850128097,0.02515914987190754,6.0,6.0,-2.1302124162069243,3.2744173524568034,3.236564998870848,0.1172447231521893
8.74999999999999,0.16985336406027762,0.17492614322535752,2.895037039014813,0.025914960985190794,2.8264818189343353,1.0187362265322597,-7.230982369608302,0.73242248485078,2.7251836749545353,-0.1490111822401667
8.79999999999999,-0.31446877893292885,-0.18133779661205116,2.9114498542909284,0.026002145709074064,6.0,6.0,-10.829816942517404,4.57059141617308,3.2259186332238574,0.2073399423211252
8.84999999999999,0.14028404715912546,-0.20693515061020187,2.9295767843870375,0.024375215612965132,-6.0,-6.0,-3.746685999285462,-9.94330592490169,2.789292737227912,0.231310366223167
8.899999999999991,-0.16858072179800035,0.2859383037037846,2.9489115243835387,0.021540475616465802,-6.0,-6.0,-9.329253546395908,-14.128979409528137,3.117492246181539,-0.26439782808731876
8.949999999999992,-0.214720097113582,0.2672784246448357,2.965870497221758,0.021081502778248322,-6.0,-6.0,-1.1130369816206662,-8.681511302972536,3.18059059433534,-0.24619692186658737
8.999999999999993,-0.043900047880189225,-0.29784730350156996,2.976520101130819,0.02693189886918831,3.695654086181401,1.4561074416161943,-8.958186578260827,0.9812879100566849,3.0204201490110085,0.32477920237075825
9.049999999999994,-0.0787477218412699,0.30062594683000204,2.979219078185328,0.04073292181467897,-6.0,-6.0,-8.529254532357927,-7.419188826042705,3.057966800026598,-0.2598930250153231
9.099999999999994,-0.17081766633246104,0.28808390339480583,2.9772702584864725,0.05918174151353307,-6.0,-6.0,-0.1178293083042221,-9.86076020066438,3.1480879248189337,-0.22890216188127277
9.149999999999995,-0.013017561021522378,0.29218202250705744,2.974614786073408,0.07833721392659729,6.0,6.0,0.243752919841591,3.4554033216385434,2.98763234709493,-0.21384480858046015
9.199999999999996,-0.06626967014052068,-0.29802928909771365,2.973837352175441,0.095614647824566,6.0,6.0,-9.460792786717246,9.84249637321012,3.0401070223159614,0.3936439369222796
9.249999999999996,-0.29125975204655324,-0.21873290459483208,2.974337333432837,0.11161466656717221,6.0,6.0,-3.069452740553795,13.378694117194284,3.2655970854793903,0.3303475711620043
9.299999999999997,0.16903894881295822,-0.15029331565084764,2.9750581381652332,0.12739386183477738,-6.0,-6.0,-4.553592817533425,-10.22712160624509,2.8060191893522752,0.277687177485625
9.349999999999998,-0.3131745054788797,-0.19891935443811384,2.9752812473254995,0.14367075267451038,6.0,6.0,-7.575828631231099,16.210522496117456,3.288455752804379,0.3425901071126242
9.399999999999999,-0.31698388634553926,-0.19459188393214058,2.975153487680253,0.16029851231975598,5.368013491089577,4.933684398136762,-1.7373163718112585,1.9622281693764456,3.292137374025792,0.35489039625189656
9.45,0.01924782577025734,-0.2770721606385162,2.97495807187607,0.1769939281239384,-6.0,-6.0,-3.2093317957992107,-8.593446752747901,2.9557102461058125,0.4540660887624546
9.5,-0.3877726061629846,0.024629060871687355,2.9748942508768303,0.19355774912317916,6.0,6.0,-8.053711004592657,10.889772430846806,3.362666857039815,0.16892868825149182
9.55,-0.3877726061629846,0.024629060871687355,2.974926748710351,0.2100252512896607,-6.0,-6.0,-1.627979811427342,-2.6436795129550648,3.3626993548733357,0.18539619041797334
9.600000000000001,-0.3877726061629846,0.024629060871687355,2.9749796692433983,0.22647233075661516,-6.0,-6.0,-1.6273493928096703,-2.671132945944384,3.362752275406383,0.2018432698849278
9.650000000000002,0.14396675388574148,0.19629138869979296,2.9749978884571835,0.24295411154283036,6.0,6.0,-6.280029932337268,9.12666912014507,2.831031134571442,0.04666272284303741
9.700000000000003,0.14396675388574148,0.19629138869979296,2.974989671018586,0.25946232898142657,-4.126808404295235,-3.758454110146598,1.4734171765945467,-1.5019547646555873,2.8310229171328443,0.06317094028163361
9.750000000000004,-0.2272369144205884,-0.2608574736319362,2.9749753294327648,0.27597667056724634,6.0,6.0,-10.19820194386609,8.649037766036377,3.2022122438533533,0.5368341441991825
9.800000000000004,0.21582776561922953,-0.025307830819808766,2.974970077870833,0.2924819221291768,-6.0,-6.0,-4.9855135441996135,-10.904862324999728,2.7591423122516034,0.31778975294898554
9.850000000000005,-0.3805865001491056,0.044714081977611043,2.974972115827021,0.3089798841729876,-6.0,-6.0,-10.565803694554257,-3.8751067068243477,3.355558615976127,0.26426580219537654
9.900000000000006,-0.38068082699360445,0.04470936053022659,2.974976097684458,0.3254759023155506,-6.0,-6.0,-1.5612015045376813,-3.1591193554413692,3.3556569246780628,0.280766541785324
9.950000000000006,0.10821800099352541,0.23108415646534464,2.9749778470051815,0.3419741529948284,6.0,6.0,-5.463840546469189,10.346527233593623,2.8667598460116563,0.11088999652948378
10.000000000000007,0.11518974156835671,0.22460005308846376,2.974977458067256,0.35847454193275563,-4.425253331433816,-4.065466222151508,1.439148437129237,-1.6172799149686332,2.859787716498899,0.13387448884429187
