t,x_actual,y_actual,x_deseada,y_deseada,Ref_Izq,Ref_Der,Vel_Lineal,Vel_Angular,error_x,error_y
0.05,0.3,0.0,0.0249760000000037,0.0249760000000037,3.8789790000004984,2.895761000000504,-3.9328719999999775,1.2904266666668576,-0.27502399999999627,0.0249760000000037
0.1,0.3,0.0,0.041476000000002025,0.0249760000000037,0.053240250000022984,0.1652997500000094,0.4482379999999456,0.041626666666672835,-0.258523999999998,0.0249760000000037
0.15000000000000002,0.3,0.0,0.0579760000000009,0.0249760000000037,0.05220900000001985,0.16633100000001252,0.4564879999999707,0.041626666666672835,-0.24202399999999907,0.0249760000000037
0.2,0.3,0.0,0.07447600000000089,0.0249760000000037,0.05117775000001444,0.16736225000001792,0.464738000000014,0.041626666666672835,-0.22552399999999911,0.0249760000000037
0.25,0.3,0.0,0.09097600000000224,0.0249760000000037,0.05014650000000905,0.16839350000002332,0.4729880000000571,0.041626666666672835,-0.20902399999999777,0.0249760000000037
0.3,0.3,0.0,0.10747600000000404,0.0249760000000037,0.049115250000008444,0.16942475000002394,0.48123800000006195,0.041626666666672835,-0.19252399999999595,0.0249760000000037
0.35,0.3,0.0,0.12397600000000508,0.0249760000000037,0.048084000000013324,0.17045600000001904,0.4894880000000229,0.041626666666672835,-0.1760239999999949,0.0249760000000037
0.39999999999999997,0.3,0.0,0.14047600000000446,0.0249760000000037,0.04705275000002017,0.1714872500000122,0.49773799999996815,0.041626666666672835,-0.15952399999999553,0.0249760000000037
0.44999999999999996,0.3,0.0,0.15697600000000306,0.0249760000000037,0.04602150000002195,0.17251850000001043,0.5059879999999539,0.041626666666672835,-0.14302399999999693,0.0249760000000037
0.49999999999999994,0.3,0.0,0.17347600000000227,0.0249760000000037,0.044990250000017634,0.17354975000001474,0.5142379999999884,0.041626666666672835,-0.12652399999999772,0.0249760000000037
0.5499999999999999,0.3,0.0,0.18997600000000311,0.0249760000000037,0.04395900000001056,0.1745810000000218,0.522488000000045,0.041626666666672835,-0.11002399999999687,0.0249760000000037
0.6,0.3,0.0,0.20647600000000493,0.0249760000000037,0.04292775000000776,0.17561225000002462,0.5307380000000674,0.041626666666672835,-0.09352399999999506,0.0249760000000037
0.65,0.3,0.0,0.22297600000000647,0.0249760000000037,0.04189650000001044,0.17664350000002194,0.538988000000046,0.041626666666672835,-0.07702399999999351,0.0249760000000037
0.7000000000000001,0.3,0.0,0.23947600000000668,0.0249760000000037,0.040865250000016576,0.1776747500000158,0.5472379999999969,0.041626666666672835,-0.060523999999993305,0.0249760000000037
0.7500000000000001,0.3,0.0,0.2559760000000057,0.0249760000000037,0.0398340000000212,0.1787060000000112,0.5554879999999599,0.041626666666672835,-0.04402399999999429,0.0249760000000037
0.8000000000000002,0.3,0.0,0.2724760000000041,0.0249760000000037,0.03880275000002342,0.17973725000000895,0.5637379999999421,0.041626666666672835,-0.027523999999995885,0.0249760000000037
0.8500000000000002,0.3,0.0,0.28897600000000234,0.0249760000000037,0.03777150000002341,0.18076850000000896,0.5719879999999422,0.041626666666672835,-0.011023999999997647,0.0249760000000037
0.9000000000000002,0.3,0.0,0.3054760000000011,0.0249760000000037,0.036740250000020666,0.1817997500000117,0.5802379999999642,0.041626666666672835,0.005476000000001091,0.0249760000000037
0.9500000000000003,0.3,0.0,0.3219760000000008,0.0249760000000037,0.03570900000001545,0.18283100000001692,0.5884880000000059,0.041626666666672835,0.021976000000000828,0.0249760000000037
1.0000000000000002,0.3,0.0,0.33847600000000205,0.0249760000000037,0.03467775000000933,0.18386225000002304,0.5967380000000548,0.041626666666672835,0.038476000000002064,0.0249760000000037
1.0500000000000003,0.3,0.0,0.3549760000000039,0.0249760000000037,0.03364650000000796,0.1848935000000244,0.6049880000000658,0.041626666666672835,0.05497600000000391,0.0249760000000037
1.1000000000000003,0.3,0.0,0.37147600000000525,0.0249760000000037,0.03261525000001192,0.18592475000002046,0.6132380000000341,0.041626666666672835,0.07147600000000526,0.0249760000000037
1.1500000000000004,0.3,0.0,0.3879760000000049,0.0249760000000037,0.0315840000000194,0.18695600000001297,0.6214879999999743,0.041626666666672835,0.08797600000000488,0.0249760000000037
1.2000000000000004,0.3,0.0,0.40447600000000344,0.0249760000000037,0.030552750000022305,0.18798725000001007,0.6297379999999511,0.041626666666672835,0.10447600000000345,0.0249760000000037
