t,x_actual,y_actual,x_deseada,y_deseada,Ref_Izq,Ref_Der,Vel_Lineal,Vel_Angular,error_x,error_y
0.05,0.3,0.0,0.0249760000000037,0.0249760000000037,9.0,9.0,-9.4602275999999,2.957574666667105,-0.27502399999999627,0.0249760000000037
0.1,0.3,0.0,0.04047600000000212,0.0249760000000037,4.2961152125001885,4.129678787500172,-0.6657457000000644,0.4620560000000685,-0.25952399999999787,0.0249760000000037
0.15000000000000002,0.3,0.0,0.05597600000000099,0.0249760000000037,4.291685037500185,4.145035962500176,-0.5865963000000431,0.4641373333334021,-0.244023999999999,0.0249760000000037
0.2,0.0010182800042946027,0.004633574612676866,0.07147600000000078,0.0249760000000037,-4.367868016351568,4.160704368155218,10.114289538027144,-0.039459742513590426,0.07045771999570617,0.020342425387326835
0.25,0.0010182800042946027,0.004633574612676866,0.08697600000000182,0.0249760000000037,3.86401640136472,4.172032928903846,1.232066110156503,0.38781892005115537,0.08595771999570721,0.020342425387326835
0.3,0.002300115938097369,0.005307297748316016,0.10247600000000352,0.0249760000000037,3.651021109338587,3.9696140755397495,1.2743718648046494,0.30869241616730225,0.10017588406190615,0.019668702251687684
0.35,0.002300115938097369,0.005307297748316016,0.11797600000000488,0.0249760000000037,3.8174485886248637,4.167685667809007,1.4009483167365742,0.3781208107493088,0.11567588406190751,0.019668702251687684
0.39999999999999997,0.002300115938097369,0.005307297748316016,0.1334760000000049,0.0249760000000037,3.811450582226982,4.183819878385412,1.4894771846337207,0.3800515163071227,0.13117588406190753,0.019668702251687684
0.44999999999999996,0.007275478923742473,0.010707371857460972,0.14897600000000377,0.0249760000000037,-3.967700047123337,-3.6174389074400644,1.4010445587330915,-0.3019312294406479,0.1417005210762613,0.014268628142542728
0.49999999999999994,0.007275478923742473,0.010707371857460972,0.16447600000000256,0.0249760000000037,-2.5946166803973134,3.8155936734633786,1.6408414154427684,0.23256704629829814,0.1572005210762601,0.014268628142542728
0.5499999999999999,0.007275478923742473,0.010707371857460972,0.1799760000000024,0.0249760000000037,-2.609277353661278,3.8233248372194737,1.7304087635230074,0.23124713972537056,0.17270052107625994,0.014268628142542728
0.6,0.005912987868539277,0.016416609085549316,0.19547600000000367,0.0249760000000037,-4.912673224442793,-4.447171194541343,1.862008119605802,-0.6399703655207879,0.1895630121314644,0.008559390914454384
0.65,0.005912987868539277,0.016416609085549316,0.21097600000000544,0.0249760000000037,-3.4373647519298203,-2.957809314229189,1.918221750802525,-0.0752712506969542,0.20506301213146616,0.008559390914454384
0.7000000000000001,0.005912987868539277,0.016416609085549316,0.22647600000000667,0.0249760000000037,-3.4780919575640707,-2.9758609800861984,2.0089239099114895,-0.08646722621909891,0.2205630121314674,0.008559390914454384
0.7500000000000001,0.012107450629321947,0.03374644936480295,0.24197600000000663,0.0249760000000037,-9.0,-8.99387168926412,1.8283577874897115,-2.3704443476953654,0.22986854937068468,-0.00877044936479925
0.8000000000000002,0.012107450629321947,0.03374644936480295,0.2574760000000056,0.0249760000000037,-5.152632170559982,-4.616046297737031,2.1463434912918005,-0.7178435177708596,0.24536854937068364,-0.00877044936479925
0.8500000000000002,0.004938764843819887,0.045384808904227004,0.27297600000000405,0.0249760000000037,-9.0,-9.0,2.4355789145306526,-2.4536632952164847,0.26803723515618416,-0.020408808904223304
0.9000000000000002,0.004938764843819887,0.045384808904227004,0.2884760000000024,0.0249760000000037,-6.582617569340343,-5.9943616052235935,2.353023856466996,-1.2527579380121783,0.2835372351561825,-0.020408808904223304
0.9500000000000003,0.0023968173960631223,0.030902999172952344,0.3039760000000012,0.0249760000000037,4.102879418463584,4.7504599087876125,2.5903219612961124,0.5434932051907042,0.30157918260393807,-0.005926999172948644
1.0000000000000002,0.0023968173960631223,0.030902999172952344,0.3194760000000008,0.0249760000000037,-5.6939159691487875,-5.052359322827074,2.5662265852868567,-0.9040524365668308,0.3170791826039377,-0.005926999172948644
1.0500000000000003,0.0023968173960631223,0.030902999172952344,0.33497600000000166,0.0249760000000037,-5.783967468844857,-5.119127201203973,2.6593610705635347,-0.9339227942950153,0.33257918260393854,-0.005926999172948644
1.1000000000000003,0.0023968173960631223,0.030902999172952344,0.35047600000000345,0.0249760000000037,-5.874386580914123,-5.186166247710872,2.7528813328130073,-0.9639148244999992,0.34807918260394033,-0.005926999172948644
1.1500000000000004,0.0005369206519764136,0.00825000186713018,0.36597600000000496,0.0249760000000037,8.720408689956702,9.0,2.9483665846148766,2.3196017192508807,0.36543907934802855,0.01672599813287352
1.2000000000000004,0.0005369206519764136,0.00825000186713018,0.38147600000000526,0.0249760000000037,-3.2319897436816123,3.5102119775845018,2.9688068850644567,0.052994711219598006,0.38093907934802884,0.01672599813287352
1.2500000000000004,0.026491419467912558,-0.038610599852727516,0.39697600000000416,0.0249760000000037,9.0,9.0,2.029330703438888,6.296158424461535,0.3704845805320916,0.06358659985273121
1.3000000000000005,0.026491419467912558,-0.038610599852727516,0.4124760000000029,0.0249760000000037,7.354439553727112,8.101091965550474,2.986609647293439,1.80105362271954,0.38598458053209034,0.06358659985273121
1.3500000000000005,0.026491419467912558,-0.038610599852727516,0.4279760000000025,0.0249760000000037,7.407129082752781,8.17753506204535,3.0816239171702775,1.825650313294882,0.40148458053208996,0.06358659985273121
1.4000000000000006,0.02442374703728717,-0.07413099494930186,0.44347600000000365,0.0249760000000037,9.0,9.0,2.9639121590200337,7.14632224833947,0.4190522529627165,0.09910699494930557
1.4500000000000006,0.02442374703728717,-0.07413099494930186,0.4589760000000054,0.0249760000000037,9.0,9.0,3.1737910689554614,3.6704261724858323,0.4345522529627182,0.09910699494930557
1.5000000000000007,0.02442374703728717,-0.07413099494930186,0.4744760000000068,0.0249760000000037,9.0,9.0,3.2685459518789,3.731903644167457,0.4500522529627196,0.09910699494930557
1.5500000000000007,0.02442374703728717,-0.07413099494930186,0.4899760000000069,0.0249760000000037,9.0,9.0,3.363682971608316,3.7935952734101175,0.46555225296271974,0.09910699494930557
1.6000000000000008,0.02442374703728717,-0.07413099494930186,0.505476000000006,0.0249760000000037,9.0,9.0,3.459202128143761,3.855501060213842,0.48105225296271886,0.09910699494930557
1.6500000000000008,0.039947150120826724,-0.09924234521004675,0.5209760000000044,0.0249760000000037,9.0,9.0,2.6657134832502,7.415059590063762,0.4810288498791777,0.12421834521005046
1.7000000000000008,0.039947150120826724,-0.09924234521004675,0.5364760000000028,0.0249760000000037,9.0,9.0,3.403527302610994,5.483267463747719,0.4965288498791761,0.12421834521005046
1.7500000000000009,0.025660062070254674,-0.08829047717783527,0.5519760000000016,0.0249760000000037,9.0,9.0,4.041194954437983,5.187609486252362,0.5263159379297468,0.11326647717783897
1.800000000000001,0.025660062070254674,-0.08829047717783527,0.567476000000001,0.0249760000000037,9.0,9.0,3.629860386407378,5.928488068291434,0.5418159379297462,0.11326647717783897
1.850000000000001,0.025660062070254674,-0.08829047717783527,0.5829760000000017,0.0249760000000037,9.0,9.0,3.7240181247944437,6.032815861313873,0.557315937929747,0.11326647717783897
1.900000000000001,0.04909713113088299,-0.05703725149027673,0.5984760000000034,0.0249760000000037,5.011054728075995,5.854280075088725,3.372901388050919,0.9267304386980417,0.5493788688691205,0.08201325149028044
1.950000000000001,0.04909713113088299,-0.05703725149027673,0.613976000000005,0.0249760000000037,9.0,9.0,3.956513922472943,4.557331438743995,0.564878868869122,0.08201325149028044
2.000000000000001,0.026111599394559593,-0.0479797329344583,0.6294760000000055,0.0249760000000037,9.0,9.0,4.9991261186467755,2.939624875217141,0.6033644006054459,0.072955732934462
2.0500000000000007,0.026111599394559593,-0.0479797329344583,0.6449760000000044,0.0249760000000037,9.0,9.0,4.37774163203873,3.567215334304137,0.6188644006054449,0.072955732934462
2.1000000000000005,0.026111599394559593,-0.0479797329344583,0.6604760000000032,0.0249760000000037,9.0,9.0,4.477596024129252,3.6204943790839583,0.6343644006054436,0.072955732934462
2.1500000000000004,-0.05471322326179967,-0.08260607615601528,0.6759760000000026,0.0249760000000037,9.0,9.0,7.2681737368800965,8.897313825834717,0.7306892232618023,0.10758207615601899
2.2,-0.05471322326179967,-0.08260607615601528,0.6914760000000035,0.0249760000000037,9.0,9.0,5.105635933553272,4.446055487117466,0.7461892232618033,0.10758207615601899
2.25,-0.05471322326179967,-0.08260607615601528,0.7069760000000052,0.0249760000000037,9.0,9.0,5.208645380125498,4.5011470236734334,0.7616892232618049,0.10758207615601899
2.3,-0.1752956606396056,-0.05818534616350225,0.7224760000000066,0.0249760000000037,9.0,9.0,9.676323310552272,3.4881041015633585,0.8977716606396122,0.08316134616350596
2.3499999999999996,-0.1752956606396056,-0.05818534616350225,0.7379760000000067,0.0249760000000037,9.0,9.0,6.101245881793501,4.397526053289043,0.9132716606396123,0.08316134616350596
2.3999999999999995,-0.3569190710066395,-0.05707671817611308,0.7534760000000058,0.0249760000000037,9.0,9.0,12.633888259974281,6.651211715207431,1.1103950710066453,0.08205271817611678
2.4499999999999993,-0.3569190710066395,-0.05707671817611308,0.7689760000000042,0.0249760000000037,9.0,9.0,7.332252637580395,4.652920011793472,1.1258950710066438,0.08205271817611678
2.499999999999999,-0.3569190710066395,-0.05707671817611308,0.7844760000000025,0.0249760000000037,9.0,9.0,7.4449859225121795,4.704818690493802,1.141395071006642,0.08205271817611678
2.549999999999999,-0.4271418724016947,0.008946236275407478,0.7999760000000011,0.0249760000000037,-9.0,-9.0,10.176354743277304,-5.95057923525369,1.2271178724016958,0.016029763724596222
2.5999999999999988,-0.4271418724016947,0.008946236275407478,0.8154760000000004,0.0249760000000037,3.6195203550886426,5.663963109153264,8.177771016258484,0.6254254217603632,1.2426178724016952,0.016029763724596222
2.6499999999999986,-0.4271418724016947,0.008946236275407478,0.8309760000000009,0.0249760000000037,3.612682641796118,5.6863004643444235,8.294471290193222,0.6283777345029602,1.2581178724016957,0.016029763724596222
2.6999999999999984,-0.5161241444450579,0.08421323958241746,0.8464760000000026,0.0249760000000037,-9.0,-9.0,11.457838498177676,-10.004583619717115,1.3626001444450604,-0.05923723958241375
2.7499999999999982,-0.5161241444450579,0.08421323958241746,0.8619760000000041,0.0249760000000037,-9.0,-7.475753373451961,9.004705687485801,-2.133844413100071,1.378100144445062,-0.05923723958241375
2.799999999999998,-0.5161241444450579,0.08421323958241746,0.8774760000000047,0.0249760000000037,-9.0,-7.517668935362084,9.124628605075836,-2.1555228613320243,1.3936001444450627,-0.05923723958241375
2.849999999999998,-0.628292430574899,0.12294419002058565,0.8929760000000038,0.0249760000000037,-9.0,-9.0,13.113346700475944,-8.346773987551051,1.521268430574903,-0.09796819002058195
2.8999999999999977,-0.628292430574899,0.12294419002058565,0.9084760000000024,0.0249760000000037,-9.0,-9.0,9.95466367483295,-3.7840578731342926,1.5367684305749014,-0.09796819002058195
2.9499999999999975,-0.628292430574899,0.12294419002058565,0.9239760000000016,0.0249760000000037,-9.0,-9.0,10.078295180746156,-3.8192268043771085,1.5522684305749006,-0.09796819002058195
2.9999999999999973,-0.7101927427834358,0.06718181877752188,0.9394760000000023,0.0249760000000037,8.869560320186855,9.0,13.222131401599803,2.8656482839568875,1.649668742783438,-0.04220581877751818
3.049999999999997,-0.7101927427834358,0.06718181877752188,0.9549760000000039,0.0249760000000037,-9.0,-7.776550728830897,10.81429024749547,-2.33460457514965,1.6651687427834396,-0.04220581877751818
3.099999999999997,-0.8615941950504535,0.1422233892062308,0.9704760000000054,0.0249760000000037,-9.0,-9.0,16.129796525679165,-12.897860402081786,1.832070195050459,-0.11724738920622708
3.149999999999997,-0.8615941950504535,0.1422233892062308,0.9859760000000058,0.024976000000003697,-9.0,-9.0,11.869356281933122,-4.493493911846964,1.8475701950504595,-0.1172473892062271
3.1999999999999966,-0.8615941950504535,0.1422233892062308,1.0014760000000051,0.024976000000003693,-9.0,-9.0,12.000737576348564,-4.530886814149508,1.8630701950504587,-0.1172473892062271
3.2499999999999964,-0.9702212921672735,0.1688846362681797,1.0169760000000037,0.024976000000003697,-9.0,-9.0,15.908208987456884,-8.855012434382003,1.9871972921672771,-0.14390863626817602
3.2999999999999963,-0.9702212921672735,0.1688846362681797,1.0324760000000017,0.024976000000003707,-9.0,-9.0,12.847146197535466,-5.488318918569233,2.002697292167275,-0.143908636268176
3.349999999999996,-0.9702212921672735,0.1688846362681797,1.0479760000000002,0.024976000000003717,-9.0,-9.0,12.982278843223725,-5.531516176805586,2.0181972921672737,-0.143908636268176
3.399999999999996,-1.0308207101277989,0.13701118415957414,1.0634759999999994,0.024976000000003717,-9.0,-6.951987978647564,15.344552348000546,-2.2362121989133836,2.0942967101277983,-0.11203518415957042
3.4499999999999957,-1.0308207101277989,0.13701118415957414,1.0789759999999997,0.02497600000000369,-9.0,-9.0,13.603488946950792,-5.046404287796033,2.1097967101277986,-0.11203518415957045
3.4999999999999956,-1.0308207101277989,0.13701118415957414,1.0944760000000013,0.024976000000003638,-9.0,-9.0,13.741364177706815,-5.086950449933434,2.1252967101278,-0.1120351841595705
3.5499999999999954,-1.0416656184970758,0.10200014751022438,1.109976000000003,0.024976000000003624,7.2808089921998915,9.0,14.335073259743645,2.31340691415918,2.151641618497079,-0.07702414751022076
3.599999999999995,-1.0416656184970758,0.10200014751022438,1.1254760000000037,0.024976000000003704,-7.908702501986388,-4.370583150359441,14.15247740650779,-1.1960544099706343,2.1671416184970793,-0.07702414751022067
3.649999999999995,-1.0416656184970758,0.10200014751022438,1.1409760000000029,0.02497600000000389,-7.939166935370189,-4.366092228047887,14.292298829289207,-1.201001745412967,2.1826416184970787,-0.07702414751022049
3.699999999999995,-1.0408109166966975,0.06820443237153885,1.1564760000000014,0.024976000000004,9.0,9.0,14.297141522690072,6.331389024611643,2.197286916696699,-0.043228432371534856
3.7499999999999947,-1.0408109166966975,0.06820443237153885,1.1719760000000006,0.024976000000003794,9.0,9.0,14.540985774973034,3.0009004325749418,2.212786916696698,-0.04322843237153506
3.7999999999999945,-1.0408109166966975,0.06820443237153885,1.1874760000000018,0.02497600000000315,9.0,9.0,14.6816079118456,3.0334763531550943,2.228286916696699,-0.0432284323715357
3.8499999999999943,-1.0293893138671912,0.02436519671987379,1.2029760000000038,0.024976000000002607,9.0,9.0,14.118484155302484,11.088976848321241,2.232365313867195,0.000610803280128816
3.899999999999994,-1.0293893138671912,0.02436519671987379,1.218476000000005,0.02497600000000303,9.0,9.0,14.780550645010406,6.971714789189003,2.2478653138671962,0.0006108032801292393
3.949999999999994,-1.0293893138671912,0.02436519671987379,1.2339760000000033,0.02497600000000514,9.0,9.0,14.921007960170128,7.03743000741854,2.2633653138671948,0.0006108032801313487
3.999999999999994,-1.0352786689163678,0.026254196234959136,1.2494760000000005,0.024976000000007516,9.0,9.0,15.092936426169523,10.548694478889537,2.284754668916368,-0.0012781962349516195
4.049999999999994,-1.0352786689163678,0.026254196234959136,1.2649759999999994,0.02497600000000703,9.0,9.0,15.047958417743743,10.709791494455661,2.3002546689163674,-0.0012781962349521052
4.099999999999993,-1.0352786689163678,0.026254196234959136,1.2804760000000042,0.024976000000000595,9.0,9.0,15.187968983964376,10.809078337500898,2.315754668916372,-0.001278196234958541
4.149999999999993,-1.0496316454519423,0.002360461964294888,1.2959760000000122,0.024975999999990946,9.0,9.0,15.243402671477265,18.343862207975917,2.3456076454519543,0.022615538035696058
4.199999999999993,-1.0496316454519423,0.002360461964294888,1.311476000000013,0.024975999999989312,9.0,9.0,15.176602945558859,15.782349242359125,2.3611076454519555,0.022615538035694424
4.249999999999993,-1.0437401437577312,-0.003180162572175238,1.326975999999995,0.024976000000007575,9.0,9.0,14.99572321891438,16.970126704714627,2.3707161437577264,0.028156162572182813
4.299999999999993,-1.0437401437577312,-0.003180162572175238,1.3424759999999596,0.024976000000044195,9.0,9.0,15.352289878931822,16.76697401408588,2.3862161437576908,0.028156162572219433
4.3499999999999925,-1.0508852458219864,0.023813846851373513,1.3579759999999446,0.024976000000060936,9.0,9.0,16.05699708908205,13.666651730725253,2.4088612458219307,0.0011621531486874226
4.399999999999992,-1.0508852458219864,0.023813846851373513,1.3734759999999933,0.024976000000013366,9.0,9.0,15.754164203765068,16.180700310877626,2.42436124582198,0.001162153148639853
4.449999999999992,-1.0508852458219864,0.023813846851373513,1.3889760000001232,0.024975999999882873,9.0,9.0,15.89398046231987,16.323663498102867,2.43986124582211,0.0011621531485093602
4.499999999999992,-1.0791725344706589,-0.008072702841941545,1.4044760000002154,0.02497599999978915,9.0,9.0,16.56872367722905,21.869380154647605,2.4836485344708743,0.0330487028417307
4.549999999999992,-1.0791725344706589,-0.008072702841941545,1.4199760000001056,0.024975999999897993,9.0,9.0,16.195142821828114,18.120038173563945,2.4991485344707645,0.03304870284183954
4.599999999999992,-1.0916011210903105,0.03181093788565979,1.4354759999996693,0.024976000000334574,9.0,9.0,17.347582848724624,11.936114468956614,2.52707712108998,-0.006834937885325219
4.6499999999999915,-1.0916011210903105,0.03181093788565979,1.450975999999236,0.02497600000076941,9.0,9.0,16.81014240900085,15.576289311859242,2.5425771210895465,-0.0068349378848903825
4.699999999999991,-1.108148002580677,0.07878851349716126,1.4664759999994188,0.024976000000588007,9.0,9.0,18.079746549367282,8.595673807689911,2.5746240025800957,-0.053812513496573254
4.749999999999991,-1.108148002580677,0.07878851349716126,1.481976000000791,0.024975999999216437,9.0,9.0,17.416027436511584,12.892811618952122,2.590124002581468,-0.053812513497944824
4.799999999999991,-1.108148002580677,0.07878851349716126,1.497476000002613,0.024975999997393947,9.0,9.0,17.56262385581578,13.004795363057697,2.6056240025832897,-0.05381251349976732
4.849999999999991,-1.1202371263616167,0.17548270863501686,1.512976000002656,0.024975999997349747,-6.689888322281641,4.044279184497799,18.93667002711776,-0.5039255500540651,2.6332131263642724,-0.1505067086376671
4.899999999999991,-1.1202371263616167,0.17548270863501686,1.5284759999986315,0.024976000001372567,9.0,9.0,18.183225983712234,8.84719149970784,2.6487131263602484,-0.1505067086336443
4.94999999999999,-1.1956468210613742,0.1803735359470055,1.5439759999915228,0.024976000008479816,9.0,9.0,21.060936333565447,8.419635190195203,2.739622821052897,-0.15539753593852568
4.99999999999999,-1.1956468210613742,0.1803735359470055,1.5594759999891046,0.02497600001089684,9.0,9.0,18.95823969082008,7.725050377542153,2.755122821050479,-0.15539753593610867
5.04999999999999,-1.1956468210613742,0.1803735359470055,1.5749759999999977,0.0249760000000037,9.0,9.0,19.111263852451618,7.797603844080802,2.770622821061372,-0.1553975359470018
5.09999999999999,-1.1956468210613742,0.1803735359470055,1.5904760000260239,0.024975999973978782,9.0,9.0,19.26467015975007,7.870371290475186,2.786122821087398,-0.15539753597302672
5.14999999999999,-1.2319726827994115,0.27402792466421455,1.6059760000418106,0.024975999958193818,-9.0,-9.0,21.200727147899507,-4.97948473915192,2.837948682841222,-0.24905192470602072
5.1999999999999895,-1.2319726827994115,0.27402792466421455,1.6214760000151867,0.024975999984818864,9.0,9.0,19.91655207742547,3.8904513336841418,2.853448682814598,-0.2490519246793957
5.249999999999989,-1.2319726827994115,0.27402792466421455,1.6369759999257545,0.024976000074250677,9.0,9.0,20.07303242828106,3.9368090448842032,2.868948682725166,-0.24905192458996386
5.299999999999989,-1.4055981361072194,0.4088805497149735,1.6524759998477192,0.024976000152284742,-9.0,-9.0,26.86388245092005,-11.943625089479625,3.0580741359549384,-0.38390454956268877
5.349999999999989,-1.4055981361072194,0.4088805497149735,1.6679759999008499,0.024976000099152868,-6.206671280974736,5.1549868440408835,21.446632500062478,-0.2003208451302576,3.0735741360080695,-0.38390454961582066
5.399999999999989,-1.406628080711041,0.5864853957911911,1.6834760001895925,0.024975999810410373,-9.0,-9.0,22.335809217075,-20.222588103456875,3.0901040809006335,-0.5615093959807808
5.449999999999989,-1.406628080711041,0.5864853957911911,1.6989760005293455,0.024975999470658906,-9.0,-7.003467252400236,21.884980915246185,-2.5672723302118134,3.1056040812403864,-0.5615093963205322
5.4999999999999885,-1.406628080711041,0.5864853957911911,1.714476000480758,0.02497599951924802,-9.0,-6.9486035780779645,22.04881370342648,-2.5541734441928665,3.121104081191799,-0.5615093962719431
5.549999999999988,-1.406628080711041,0.5864853957911911,1.72997599960762,0.024976000392386816,-9.0,-6.893320215034191,22.213031633512177,-2.5409330168469384,3.1366040803186612,-0.5615093953988043
5.599999999999988,-1.406628080711041,0.5864853957911911,1.7454759982438188,0.024976001756187704,-9.0,-6.837617584342997,22.37763476663393,-2.527551211494186,3.15210407895486,-0.5615093940350033
5.649999999999988,-1.490566892232758,0.6645032976840421,1.7609759979517245,0.02497600204828086,-9.0,-9.0,25.668292228286987,-13.9172130226093,3.2515428901844823,-0.6395272956357613
5.699999999999988,-1.490566892232758,0.6645032976840421,1.7764760004023663,0.024975999597637223,-9.0,-9.0,23.15767668960768,-6.745775117867139,3.267042892635124,-0.639527298086405
5.749999999999988,-1.490566892232758,0.6645032976840421,1.791976005531575,0.02497599446842701,-9.0,-9.0,23.32570380964523,-6.759267554090869,3.282542897764333,-0.6395273032156151
5.799999999999987,-1.5172278415770977,0.7846967167357958,1.807476008070335,0.02497599192966568,-9.0,-9.0,23.799734288900993,-30.640901475855703,3.324703849647433,-0.7597207248061301
5.849999999999987,-1.5172278415770977,0.7846967167357958,1.822976001777821,0.024975998222179448,-9.0,-9.0,23.352258581051288,-18.593206249403213,3.3402038433549186,-0.7597207185136163
5.899999999999987,-1.5368756446914738,0.8419318725679383,1.8384759836651765,0.024976016334825143,-9.0,-9.0,23.229787919547896,-33.45019689631252,3.3753516283566505,-0.8169558562331132
5.949999999999987,-1.5368756446914738,0.8419318725679383,1.8539759699715168,0.024976030028486345,-9.0,-9.0,23.069904230642308,-27.648953060173834,3.3908516146629903,-0.816955842539452
5.999999999999987,-1.5368756446914738,0.8419318725679383,1.869475983977348,0.024976016022656432,-9.0,-9.0,23.235315253871146,-27.801564833044292,3.406351628668822,-0.8169558565452819
6.0499999999999865,-1.5395902680553744,0.8343047777218892,1.8849760440409589,0.024975955959045604,-9.0,-9.0,23.167524299573973,-30.44249561243112,3.424566312096333,-0.8093288217628436
6.099999999999986,-1.5395902680553744,0.8343047777218892,1.9004761064593494,0.024975893540653993,-9.0,-9.0,23.20775929050294,-31.314728960562302,3.440066374514724,-0.8093288841812352
6.149999999999986,-1.5505840012029684,0.7919308928751465,1.9159760851297178,0.024975914870284405,-9.0,-9.0,24.048845700853708,-26.779789287876657,3.466560086332686,-0.7669549780048621
6.199999999999986,-1.5505840012029684,0.7919308928751465,1.931475898184258,0.02497610181574421,-9.0,-9.0,23.64665634990458,-30.90038667556035,3.4820598993872265,-0.7669547910594023
6.249999999999986,-1.5505840012029684,0.7919308928751465,1.9469756395559725,0.024976360444030867,-9.0,-9.0,23.812455902133184,-31.0735549881693,3.497559640758941,-0.7669545324311157
6.299999999999986,-1.5572578782773336,0.7287833526165546,1.9624756202272922,0.0249763797727127,-9.0,-9.0,24.6616670158351,-23.83239541422429,3.5197334985046256,-0.7038069728438419
6.349999999999985,-1.5572578782773336,0.7287833526165546,1.9779761627460866,0.024975837253919362,-9.0,-9.0,24.273909475846967,-30.074104657796664,3.53523404102342,-0.7038075153626352
6.399999999999985,-1.4066473802128436,0.6930872403483945,1.9934771620666192,0.024974837933386757,-9.0,-9.0,19.483321106681405,-22.1796731330522,3.400124542279463,-0.6681124024150078
6.449999999999985,-1.4066473802128436,0.6930872403483945,2.008977541690055,0.024974458309950126,-9.0,-9.0,23.897912824922916,-28.574162296921457,3.4156249219028982,-0.6681127820384444
6.499999999999985,-1.4066473802128436,0.6930872403483945,2.0244760909282777,0.024975909071725422,-9.0,-9.0,24.063002533015453,-28.731681223400432,3.431123471141121,-0.6681113312766691
6.549999999999985,-1.4010545102071768,0.6181272624469536,2.0399724644776698,0.024979535522331755,-9.0,-9.0,24.543982285243334,-19.643116941930693,3.4410269746848465,-0.5931477269246218
6.5999999999999845,-1.4010545102071768,0.6181272624469536,2.0554701305276795,0.02498186947232082,-9.0,-9.0,24.479246605355556,-27.27022613857643,3.456524640734856,-0.5931453929746328
6.649999999999984,-1.3444905992287348,0.6179936895070951,2.0709736073958167,0.024978392604183032,-9.0,-9.0,22.82386036377655,-24.689153118766953,3.4154642066245513,-0.5930152969029121
6.699999999999984,-1.3444905992287348,0.6179936895070951,2.0864859580516444,0.02496604194835611,-9.0,-9.0,24.66630049637655,-25.72593583051731,3.4309765572803794,-0.593027647558739
6.749999999999984,-1.3444905992287348,0.6179936895070951,2.1019972316139537,0.024954768386048466,-9.0,-9.0,24.83315764684951,-25.863428241542184,3.4464878308426883,-0.5930389211210466
6.799999999999984,-1.214713750514023,0.7045026028883756,2.1174906266165183,0.02496137338348532,-9.0,-9.0,19.918607832495333,-34.02232946882196,3.3322043771305414,-0.6795412295048903
6.849999999999984,-1.214713750514023,0.7045026028883756,2.13295110887205,0.025000891127953895,-9.0,-9.0,24.341127850517818,-27.71079274781989,3.347664859386073,-0.6795017117604217
6.8999999999999835,-1.214713750514023,0.7045026028883756,2.148402678423884,0.0250493215761184,-9.0,-9.0,24.505425826797214,-27.85702850595026,3.363116428937907,-0.6794532813122572
6.949999999999983,-1.1394056359434075,0.6782234803067396,2.1639067611065785,0.025045238893422694,-9.0,-9.0,22.08985194122809,-24.461527978316294,3.303312397049986,-0.6531782414133169
6.999999999999983,-1.1394056359434075,0.6782234803067396,2.1795250748607504,0.024926925139250607,-9.0,-9.0,24.34631833646134,-28.533557237298595,3.3189307108041577,-0.653296555167489
7.049999999999983,-1.1749454747930548,0.5166348752059309,2.1952175686386175,0.024734431361384375,-9.0,-9.0,26.86516753578972,-6.648200414686555,3.3701630434316723,-0.4919004438445465
7.099999999999983,-1.1749454747930548,0.5166348752059309,2.210767115285202,0.02468488471480182,-9.0,-9.0,25.33648291665982,-22.287436957793147,3.3857125900782568,-0.4919499904911291
7.149999999999983,-1.1749454747930548,0.5166348752059309,2.225938897289094,0.02501310271091102,-9.0,-9.0,25.48389977655192,-22.315897384248935,3.4008843720821487,-0.49162177249501987
7.199999999999982,-1.1749454747930548,0.5166348752059309,2.240721346624901,0.025730653375104103,-9.0,-9.0,25.636264998796086,-22.364333255317224,3.4156668214179557,-0.49090422183082677
7.249999999999982,-1.1704856411070637,0.3728253339421805,2.2558393543153215,0.0261126456846824,-9.0,-9.0,26.35497181114003,-4.232918067432516,3.426324995422385,-0.34671268825749807
7.299999999999982,-1.1704856411070637,0.3728253339421805,2.2721694568840847,0.025282543115918026,-9.0,-9.0,26.22828989005101,-18.937584803308248,3.4426550979911483,-0.34754279082626244
7.349999999999982,-1.1057821950579914,0.30910320328746793,2.290180338355536,0.022771661644465584,-9.0,-9.0,24.439498047245106,-11.20208445772678,3.3959625334135275,-0.28633154164300234
7.399999999999982,-1.1057821950579914,0.30910320328746793,2.3076746742309435,0.02077732576905704,-9.0,-9.0,26.270083621089313,-18.20348546756292,3.413456869288935,-0.2883258775184109
7.4499999999999815,-1.1057821950579914,0.30910320328746793,2.3213840863041595,0.02256791369584006,-9.0,-9.0,26.235957993716728,-17.436047960513726,3.427166281362151,-0.2865352895916279
7.499999999999981,-1.0386296827441832,0.26241911582982214,2.3282883525583964,0.03116364744160168,-9.0,-9.0,23.964116052883536,-6.892331139554082,3.3669180353025796,-0.23125546838822045
7.549999999999981,-1.0386296827441832,0.26241911582982214,2.3289383412263485,0.046013658773648373,-9.0,-9.0,25.692121743207316,-10.86184875434805,3.3675680239705317,-0.21640545705617376
7.599999999999981,-0.9707670061582604,0.21975283070456986,2.3265420819594835,0.06390991804051241,-8.701560514034174,-2.8463886156931784,23.42068759336398,-1.0567522151861621,3.297309088117744,-0.15584291266405745
7.649999999999981,-0.9707670061582604,0.21975283070456986,2.3243307552194965,0.08162124478049969,-9.0,-9.0,25.51279189391341,-5.413998823641102,3.295097761377757,-0.13813158592407015
7.699999999999981,-0.9707670061582604,0.21975283070456986,2.3238509686305373,0.09760103136946062,-9.0,-9.0,25.673538567668906,-5.422605203795542,3.294617974788798,-0.12215179933510924
7.7499999999999805,-0.9707670061582604,0.21975283070456986,2.324385349317789,0.11256665068221038,-9.0,-9.0,25.802203142566636,-5.314019928753593,3.2951523554760493,-0.10718618002235948
7.79999999999998,-0.8724910539279012,0.20545247293877505,2.325058137980355,0.12739386201964473,-8.247792268897513,-2.63858319422466,22.436836298691414,-0.9307381834518427,3.197549191908256,-0.07805861091913033
7.84999999999998,-0.8724910539279012,0.20545247293877505,2.325280563293291,0.14267143670670812,-9.0,-5.458131067966249,25.43923275662986,-2.147822919064755,3.197771617221192,-0.06278103623206693
7.89999999999998,-0.7715133044762001,0.2778472707723965,2.3251782087624244,0.15827379123757304,-9.0,-9.0,21.913063902137456,-9.518498178306176,3.096691513238625,-0.11957347953482347
7.94999999999998,-0.7715133044762001,0.2778472707723965,2.3249859416414256,0.1739660583585713,-9.0,-5.207783730567099,25.025279832845964,-2.0327404608277506,3.0964992461176255,-0.10388121241382522
7.99999999999998,-0.7715133044762001,0.2778472707723965,2.3248979958944265,0.18955400410557097,-9.0,-4.519844966362176,25.108276645157858,-1.7746207798121554,3.096411300370627,-0.08829326666682555
8.04999999999998,-0.7084171224718401,0.26407532236889625,2.324911271878366,0.20504072812163318,-2.8698322611585336,8.867264993752205,22.948389019642953,1.1423681395416516,3.0333283943502063,-0.05903459424726307
8.09999999999998,-0.7084171224718401,0.26407532236889625,2.324962850430693,0.22048914956930743,-5.850942129156047,6.379463689416016,24.92162327428825,0.10067077338285131,3.0333799729025333,-0.04358617279958882
8.14999999999998,-0.7084171224718401,0.26407532236889625,2.324994552505577,0.23595744749442424,-5.104447198713752,7.144434974539635,24.995528693013544,0.38856910015731116,3.033411674977417,-0.02811787487447201
8.199999999999982,-0.6605664646746694,0.24562607331373656,2.3249956464571087,0.2514563535428926,9.0,9.0,23.265618298219163,7.652090202701618,2.9855621111317783,0.005830280229156021
8.249999999999982,-0.6605664646746694,0.24562607331373656,2.3249826695576337,0.26696933044236626,9.0,9.0,24.804656260004254,6.45821348461899,2.9855491342323033,0.021343257128629695
8.299999999999983,-0.692639963559732,0.20817251601399017,2.324972080809917,0.2824799191900819,9.0,9.0,25.916005954648952,11.42398028824252,3.017612044369649,0.07430740317609175
8.349999999999984,-0.692639963559732,0.20817251601399017,2.3249703110061875,0.29798168899380983,9.0,9.0,25.105454218575282,7.767930359404714,3.0176102745659197,0.08980917297981966
8.399999999999984,-0.692639963559732,0.20817251601399017,2.3249733317481036,0.313478668251893,9.0,9.0,25.17469089620352,8.07733348472579,3.017613295307836,0.10530615223790285
8.449999999999985,-0.8712352677748316,0.10600103405243248,2.3249766410963586,0.32897535890363866,9.0,9.0,31.41042980211031,20.380701623628664,3.19621190887119,0.22297432485120616
8.499999999999986,-0.8712352677748316,0.10600103405243248,2.324977572720368,0.3444744272796306,9.0,9.0,26.306952216643964,9.499477961174449,3.1962128404951997,0.23847339322719813
8.549999999999986,-0.8712352677748316,0.10600103405243248,2.3249769473403537,0.3599750526596472,9.0,9.0,26.381536410158926,9.819445399441278,3.1962122151151853,0.2539740186072147
8.599999999999987,-0.8833107947454131,0.10664701763496282,2.324975975635842,0.3754760243641596,9.0,9.0,26.90834134725548,9.45534259120339,3.208286770381255,0.2688290067291968
8.649999999999988,-0.8833107947454131,0.10664701763496282,2.324975586905396,0.39097641309460535,9.0,9.0,26.621248874051204,9.781906305233122,3.208286381650809,0.28432939545964253
8.699999999999989,-0.8763025007569863,0.14273287795131567,2.324975688625189,0.4064763113748111,9.0,9.0,26.53530517621645,4.327364036501766,3.2012781893821756,0.26374343342349543
8.74999999999999,-0.8763025007569863,0.14273287795131567,2.324975956392319,0.4219760436076808,9.0,9.0,26.78824392349373,8.272043426195637,3.2012784571493054,0.27924316565636514
8.79999999999999,-0.8763025007569863,0.14273287795131567,2.3249761017597916,0.4374758982402091,9.0,9.0,26.86529593737515,8.589086528101662,3.201278602516778,0.29474302028889343
8.84999999999999,-0.8866328351678634,0.11014170611728959,2.324976096580687,0.45297590341931554,9.0,9.0,27.231195038670645,13.745121508177858,3.2116089317485503,0.34283419730202597
8.899999999999991,-0.8866328351678634,0.11014170611728959,2.3249760272814464,0.46847597271855784,9.0,9.0,27.038905832024728,10.770476492194872,3.2116088624493098,0.35833426660126827
8.949999999999992,-0.8866328351678634,0.11014170611728959,2.3249759771895615,0.48397602281044366,9.0,9.0,27.11515099580431,11.096760876077084,3.211608812357425,0.3738343166931541
8.999999999999993,-0.915020379723682,0.1887248089384295,2.324975971474304,0.49947602852570067,-9.0,-3.5235491037025626,28.320645811835032,-1.5480494591169303,3.239996351197986,0.31075121958727114
9.049999999999994,-0.915020379723682,0.1887248089384295,2.3249759881992618,0.514976011800742,9.0,9.0,27.54606581976643,6.6174554251395605,3.2399963679229438,0.3262512028623126
9.099999999999994,-0.915020379723682,0.1887248089384295,2.3249760042932577,0.5304759957067446,9.0,9.0,27.626914105007465,6.930537184013729,3.2399963840169397,0.3417511867683152
9.149999999999995,-0.9500121049288569,0.1258814983967644,2.3249760080461086,0.5459759919538925,9.0,9.0,29.134376040134867,9.753084112268686,3.2749881129749654,0.420094493557128
9.199999999999996,-0.9500121049288569,0.1258814983967644,2.324976004376903,0.5614759956230972,9.0,9.0,28.079315710238166,3.955838883510346,3.27498810930576,0.4355944972263328
9.249999999999996,-1.045291727601585,0.012994286938536829,2.3249759995236343,0.5769760004763663,9.0,9.0,31.869397399984802,14.239464050623566,3.3702677271252193,0.5639817135378294
9.299999999999997,-1.045291727601585,0.012994286938536829,2.3249759978375604,0.5924760021624418,9.0,9.0,28.853740565179656,4.016832388844468,3.3702677254391453,0.5794817152239049
9.349999999999998,-1.045291727601585,0.012994286938536829,2.3249759985178193,0.6079760014821847,9.0,9.0,28.945355379399583,4.328295546952696,3.3702677261194043,0.5949817145436478
9.399999999999999,-1.1305753361456854,-0.029934154454314008,2.324975999892187,0.6234760001078181,9.0,9.0,32.23594971509502,5.954255089785614,3.4555513360378725,0.6534101545621321
9.45,-1.1305753361456854,-0.029934154454314008,2.324976000548835,0.6389759994511699,6.844510392660521,9.0,29.654233980321397,2.8766817676955028,3.4555513366945205,0.6689101539054839
9.5,-1.1305753361456854,-0.029934154454314008,2.324976000470569,0.6544759995294351,7.644927603146794,9.0,29.7507665640313,3.186199399485983,3.4555513366162542,0.6844101539837492
9.55,-1.0230662169897293,0.0782438735772277,2.3249760001051394,0.6699759998948638,-9.0,-9.0,25.730626631190106,-4.118585606363798,3.3480422170948687,0.591732126317636
9.600000000000001,-1.0230662169897293,0.0782438735772277,2.3249759998711825,0.6854760001288213,9.0,9.0,29.232367423071498,6.359599363203379,3.348042216860912,0.6072321265515935
9.650000000000002,-1.0230662169897293,0.0782438735772277,2.324975999858163,0.7009760001418424,9.0,9.0,29.32190534728673,6.6785064677886234,3.3480422168478925,0.6227321265646146
9.700000000000003,-1.0626664582887368,0.11363736420850662,2.3249759999491992,0.716476000050808,8.806285472265085,9.0,30.730792959941635,3.6752893684791577,3.387642458237936,0.6028386358423015
9.750000000000004,-1.0626664582887368,0.11363736420850662,2.3249760000265676,0.7319759999734406,9.0,9.0,29.684865743935756,7.723306381923307,3.3876424583153044,0.6183386357649341
9.800000000000004,-0.9362307724620366,0.04149312433288246,2.324976000040804,0.7474759999592039,9.0,9.0,25.245086342372428,19.82669444410449,3.261206772502841,0.7059828756263214
9.850000000000005,-0.9362307724620366,0.04149312433288246,2.324976000019895,0.7629759999801121,9.0,9.0,29.0811584651113,12.720384281600223,3.261206772481932,0.7214828756472297
9.900000000000006,-0.9362307724620366,0.04149312433288246,2.324975999995932,0.7784760000040739,9.0,9.0,29.164580025728917,13.060913748235436,3.2612067724579687,0.7369828756711915
9.950000000000006,-1.0349754577048973,0.06303414369460947,2.324975999988798,0.7939760000112067,9.0,9.0,32.80546020572705,8.148513702182898,3.359951457693695,0.7309418563165972
10.000000000000007,-1.0349754577048973,0.06303414369460947,2.3249759999930273,0.8094760000069763,9.0,9.0,29.96042317336789,11.041662873679613,3.3599514576979246,0.7464418563123668
10.050000000000008,-1.1638748080606147,0.13033850643641154,2.324976000000001,0.8249760000000032,-7.6003472801057566,7.033560336523209,34.53563046651586,-0.10795941782524718,3.4888508080606155,0.6946374935635916
10.100000000000009,-1.1638748080606147,0.13033850643641154,2.32497600000292,0.8404759999970859,9.0,9.0,30.904776969514685,7.785031053323544,3.4888508080635345,0.7101374935606743
10.15000000000001,-1.1638748080606147,0.13033850643641154,2.324976000002272,0.8559759999977357,9.0,9.0,30.99865669756948,8.109647623122365,3.4888508080628866,0.7256374935613241
10.20000000000001,-1.2130931650755667,0.15569747743254816,2.3249760000003676,0.8714759999996415,-4.450032535881283,9.0,32.81115232637269,1.0100424780629729,3.5380691650759344,0.7157785225670934
10.25000000000001,-1.2130931650755667,0.15569747743254816,2.32497599999929,0.8869760000007194,9.0,9.0,31.5195605576263,4.352739100584536,3.5380691650748566,0.7312785225681713
10.300000000000011,-1.2130931650755667,0.15569747743254816,2.3249759999993014,0.9024760000007064,9.0,9.0,31.618255078752238,4.6668932504199825,3.538069165074868,0.7467785225681582
10.350000000000012,-1.3073456896345663,0.16429492696837697,2.32497599999979,0.9179760000002171,-9.0,4.675613272690109,35.02482673475437,-1.0295200263444522,3.632321689634356,0.7536810730318401
10.400000000000013,-1.3073456896345663,0.16429492696837697,2.3249760000001576,0.9334759999998499,-3.353553248054324,9.0,32.362646513370386,1.4063914537588473,3.6323216896347237,0.7691810730314729
10.450000000000014,-1.3073456896345663,0.16429492696837697,2.324976000000206,0.9489759999998029,-2.5654215272573975,9.0,32.46685684192821,1.7115945058985254,3.6323216896347725,0.7846810730314259
10.500000000000014,-1.408120277465914,0.311937992277955,2.3249760000000896,0.9644759999999212,-9.0,-9.0,35.21657972359227,-20.84953279247938,3.7330962774660037,0.6525380077219662
10.550000000000015,-1.408120277465914,0.311937992277955,2.3249759999999724,0.9799760000000394,-9.0,-9.0,33.093503422731324,-4.313685110821878,3.7330962774658865,0.6680380077220844
10.600000000000016,-1.408120277465914,0.311937992277955,2.3249759999999435,0.9954760000000685,-9.0,-9.0,33.202764915431025,-4.029958139433567,3.7330962774658576,0.6835380077221136
10.650000000000016,-1.531910663900904,0.3949777645350633,2.3249759999999684,1.0109760000000425,-9.0,-9.0,36.89474373191679,-21.497394486376855,3.8568866639008723,0.6159982354649792
10.700000000000017,-1.531910663900904,0.3949777645350633,2.3249760000000035,1.0264760000000062,-9.0,-9.0,33.91329830185268,-10.48456078695637,3.8568866639009074,0.6314982354649429
10.750000000000018,-1.531910663900904,0.3949777645350633,2.3249760000000164,1.041975999999992,-9.0,-9.0,34.02912771421659,-10.222776246215032,3.8568866639009203,0.6469982354649287
10.800000000000018,-1.6288554883442432,0.5011455947091619,2.3249760000000115,1.0574759999999954,-9.0,-9.0,36.55564156938524,-27.050998610050538,3.953831488344255,0.5563304052908336
10.85000000000002,-1.6288554883442432,0.5011455947091619,2.3249760000000017,1.0729760000000055,-9.0,-9.0,34.58502590178193,-14.22809013172581,3.953831488344245,0.5718304052908436
10.90000000000002,-1.7588302270544514,0.6453189410245476,2.324975999999997,1.0884760000000118,-9.0,-9.0,37.886148355364234,-35.621009277751405,4.083806227054448,0.4431570589754642
10.95000000000002,-1.7588302270544514,0.6453189410245476,2.3249759999999973,1.1039760000000134,-9.0,-9.0,35.278858037262204,-18.24487273409259,4.083806227054449,0.4586570589754658
11.000000000000021,-1.7588302270544514,0.6453189410245476,2.324976,1.1194760000000124,-9.0,-9.0,35.40150945508307,-18.01371086065417,4.083806227054451,0.4741570589754648
11.050000000000022,-1.793410557232215,0.6700696141201441,2.3249760000000017,1.1349760000000109,-9.0,-9.0,36.27149359200748,-25.56846706985077,4.118386557232217,0.46490638587986677
11.100000000000023,-1.793410557232215,0.6700696141201441,2.3249760000000017,1.1504760000000096,-9.0,-9.0,35.603699621018215,-22.02119972341654,4.118386557232217,0.4804063858798655
11.150000000000023,-1.793410557232215,0.6700696141201441,2.3249760000000013,1.1659760000000092,-9.0,-9.0,35.72952348812794,-21.802513944352558,4.118386557232216,0.49590638587986513
11.200000000000024,-1.7903335434541379,0.647543834473905,2.324976000000001,1.18147600000001,-9.0,-9.0,36.121521861997664,-15.383631397067791,4.1153095434541385,0.533932165526105
11.250000000000025,-1.7903335434541379,0.647543834473905,2.3249760000000004,1.1969760000000118,-9.0,-9.0,36.16862382156002,-17.407285107185476,4.1153095434541385,0.5494321655261069
11.300000000000026,-1.6645903555470354,0.6751716406969561,2.324976000000001,1.2124760000000137,-9.0,-9.0,31.84959798385481,-13.698493536387156,3.989566355547036,0.5373043593030575
11.350000000000026,-1.6645903555470354,0.6751716406969561,2.324976000000001,1.2279760000000148,-9.0,-9.0,35.83085062632402,-13.507378649909901,3.989566355547036,0.5528043593030587
11.400000000000027,-1.6645903555470354,0.6751716406969561,2.324976000000001,1.243476000000015,-9.0,-9.0,35.949951126514804,-13.256717598229777,3.989566355547036,0.5683043593030588
11.450000000000028,-1.5218114218229215,0.6693322205962859,2.324976000000001,1.2589760000000139,-9.0,-9.0,31.159226449617634,-8.875198215329368,3.8467874218229223,0.5896437794037279
11.500000000000028,-1.5218114218229215,0.6693322205962859,2.324976000000001,1.2744760000000124,-9.0,-9.0,35.41357270613179,-12.349683007155967,3.8467874218229223,0.6051437794037264
11.55000000000003,-1.5218114218229215,0.6693322205962859,2.324976000000001,1.289976000000011,-9.0,-9.0,35.52966117527644,-12.09308384834195,3.8467874218229223,0.620643779403725
11.60000000000003,-1.5111796549197551,0.7107388228378975,2.324976000000001,1.3054760000000099,-9.0,-9.0,34.947138182706375,-16.45133085039062,3.836155654919756,0.5947371771621124
11.65000000000003,-1.5111796549197551,0.7107388228378975,2.324976000000001,1.32097600000001,-9.0,-9.0,35.65009037403685,-12.395034666809973,3.836155654919756,0.6102371771621125
11.700000000000031,-1.5111796549197551,0.7107388228378975,2.324976000000001,1.336476000000011,-9.0,-9.0,35.76602272992143,-12.138200752869384,3.836155654919756,0.6257371771621136
11.750000000000032,-1.5111796549197551,0.7107388228378975,2.324976000000001,1.3519760000000132,-9.0,-9.0,35.882041224762894,-11.88010749019901,3.836155654919756,0.6412371771621157
11.800000000000033,-1.4156536213581425,0.5653302318464608,2.324976000000001,1.367476000000015,9.0,9.0,33.79820262686036,9.42097848028949,3.7406296213581434,0.8021457681535542
11.850000000000033,-1.4156536213581425,0.5653302318464608,2.324976000000001,1.3829760000000153,-9.0,-9.0,35.81119016318242,-6.503732406606366,3.7406296213581434,0.8176457681535545
11.900000000000034,-1.4156536213581425,0.5653302318464608,2.324976000000001,1.3984760000000143,-9.0,-9.0,35.92465823354233,-6.222408759606384,3.7406296213581434,0.8331457681535535
11.950000000000035,-1.37291935727066,0.5391864664336826,2.324976000000001,1.4139760000000132,-3.038740866727408,9.0,34.746498749564,1.6398367531307017,3.697895357270661,0.8747895335663306
12.000000000000036,-1.37291935727066,0.5391864664336826,2.324976000000001,1.429476000000013,-9.0,3.8385941939008235,35.97896456791309,-1.3938195722241191,3.697895357270661,0.8902895335663304
12.050000000000036,-1.37291935727066,0.5391864664336826,2.324976000000001,1.4449760000000147,-9.0,4.637812656484721,36.08910029870149,-1.0945999546106535,3.697895357270661,0.9057895335663321
12.100000000000037,-1.2988548300962752,0.43900603650996534,2.324976000000001,1.4604760000000168,9.0,9.0,34.0866555793573,16.508679257842413,3.623830830096276,1.0214699634900515
12.150000000000038,-1.2988548300962752,0.43900603650996534,2.324976000000001,1.4759760000000184,9.0,9.0,35.9638910498008,5.862654084164346,3.623830830096276,1.036969963490053
12.200000000000038,-1.3771416130666134,0.4435218263717873,2.324976000000001,1.4914760000000185,6.468212960077278,9.0,38.80965033115948,3.1693025719894146,3.7021176130666142,1.0479541736282312
12.250000000000039,-1.3771416130666134,0.4435218263717873,2.324976000000001,1.5069760000000176,9.0,9.0,36.616943503422725,5.1214043088374686,3.7021176130666142,1.0634541736282304
12.30000000000004,-1.3771416130666134,0.4435218263717873,2.324976000000001,1.5224760000000161,9.0,9.0,36.725402789132325,5.444528357764508,3.7021176130666142,1.0789541736282289
12.35000000000004,-1.3354078607436999,0.3347970491196041,2.324976000000001,1.5379760000000147,9.0,9.0,35.57559359194884,25.88080635125575,3.6603838607437007,1.2031789508804105
12.400000000000041,-1.3354078607436999,0.3347970491196041,2.324976000000001,1.5534760000000134,9.0,9.0,36.61092150291074,15.012590876910064,3.6603838607437007,1.2186789508804092
12.450000000000042,-1.2790689285587795,0.24257217221311908,2.324976000000001,1.5689760000000132,9.0,9.0,34.75684534778108,30.635844677172244,3.60404492855878,1.3264038277868941
12.500000000000043,-1.2790689285587795,0.24257217221311908,2.324976000000001,1.5844760000000144,9.0,9.0,36.36453421011976,21.448699715599478,3.60404492855878,1.3419038277868953
12.550000000000043,-1.2790689285587795,0.24257217221311908,2.324976000000001,1.5999760000000165,9.0,9.0,36.4620563615886,21.826010807598088,3.60404492855878,1.3574038277868974
12.600000000000044,-1.254995798611191,0.24121423597918298,2.324976000000001,1.6154760000000183,9.0,9.0,35.719015949822705,22.37400479339671,3.579971798611192,1.3742617640208354
12.650000000000045,-1.254995798611191,0.24121423597918298,2.324976000000001,1.6309760000000189,9.0,9.0,36.53415096583449,22.461071345522175,3.579971798611192,1.389761764020836
12.700000000000045,-1.254995798611191,0.24121423597918298,2.324976000000001,1.6464760000000178,9.0,9.0,36.6313150054257,22.842020297623073,3.579971798611192,1.405261764020835
12.750000000000046,-1.2652911882351723,0.23828119293858374,2.324976000000001,1.6619760000000168,9.0,9.0,37.140261545155425,22.77827505786635,3.590267188235173,1.423694807061433
12.800000000000047,-1.2652911882351723,0.23828119293858374,2.324976000000001,1.6774760000000166,9.0,9.0,36.924069624530475,22.940648480791225,3.590267188235173,1.4391948070614329
12.850000000000048,-1.3196970906256362,0.22518414543959253,2.324976000000001,1.692976000000018,9.0,9.0,39.06137990350528,22.9822372530631,3.644673090625637,1.4677918545604256
12.900000000000048,-1.3196970906256362,0.22518414543959253,2.324976000000001,1.70847600000002,9.0,9.0,37.50332573855559,22.50443021461821,3.644673090625637,1.4832918545604277
12.950000000000049,-1.3196970906256362,0.22518414543959253,2.324976000000001,1.7239760000000217,9.0,9.0,37.60419570512489,22.88722221608586,3.644673090625637,1.4987918545604293
13.00000000000005,-1.3328928702118268,0.19452441249507213,2.324976000000001,1.739476000000022,9.0,9.0,38.136977320370065,28.669838403602462,3.6578688702118276,1.5449515875049498
13.05000000000005,-1.3328928702118268,0.19452441249507213,2.324976000000001,1.7549760000000212,9.0,9.0,37.77991135383049,26.092051706756557,3.6578688702118276,1.5604515875049492
13.100000000000051,-1.3751695930926235,0.18581038039062323,2.324976000000001,1.77047600000002,9.0,9.0,39.300451225526906,28.71806482666704,3.7001455930926244,1.5846656196093967
13.150000000000052,-1.3751695930926235,0.18581038039062323,2.324976000000001,1.7859760000000184,9.0,9.0,38.118920474984336,28.481714439614084,3.7001455930926244,1.6001656196093952
13.200000000000053,-1.3751695930926235,0.18581038039062323,2.324976000000001,1.8014760000000174,9.0,9.0,38.218233776491,28.882818656470928,3.7001455930926244,1.6156656196093941
13.250000000000053,-1.4232274596515975,0.21786236595216044,2.324976000000001,1.8169760000000172,9.0,9.0,39.955863202563556,25.239647341352075,3.7482034596515983,1.599113634047857
13.300000000000054,-1.4232274596515975,0.21786236595216044,2.324976000000001,1.8324760000000182,9.0,9.0,38.669533502921006,29.10472247186959,3.7482034596515983,1.6146136340478578
13.350000000000055,-1.4232274596515975,0.21786236595216044,2.324976000000001,1.84797600000002,9.0,9.0,38.770012981313876,29.506955593313975,3.7482034596515983,1.6301136340478597
13.400000000000055,-1.3348369561663356,0.2965711155761628,2.324976000000001,1.8634760000000217,9.0,9.0,35.72637443163261,18.273260830376422,3.6598129561663364,1.566904884423859
13.450000000000056,-1.3348369561663356,0.2965711155761628,2.324976000000001,1.8789760000000224,9.0,9.0,38.65803187528631,25.809208101227853,3.6598129561663364,1.5824048844238596
13.500000000000057,-1.3348369561663356,0.2965711155761628,2.324976000000001,1.8944760000000216,9.0,9.0,38.75916413351861,26.201042891006672,3.6598129561663364,1.5979048844238588
13.550000000000058,-1.3723946106586327,0.4283991122261985,2.324976000000001,1.9099760000000205,9.0,9.0,39.857339196043604,8.956580861112704,3.6973706106586333,1.481576887773822
13.600000000000058,-1.3723946106586327,0.4283991122261985,2.324976000000001,1.9254760000000202,9.0,9.0,39.20341522664702,22.808293063673833,3.6973706106586333,1.4970768877738216
13.650000000000059,-1.3723946106586327,0.4283991122261985,2.324976000000001,1.9409760000000214,9.0,9.0,39.306802823848216,23.188350810022428,3.6973706106586333,1.5125768877738228
13.70000000000006,-1.4458693885577367,0.6005440547318766,2.324976000000001,1.9564760000000232,-4.621299563508111,9.0,41.45005060252027,1.3561740044978754,3.7708453885577375,1.3559319452681466
13.75000000000006,-1.4458693885577367,0.6005440547318766,2.324976000000001,1.971976000000025,9.0,9.0,39.880280234490186,19.585343118048943,3.7708453885577375,1.3714319452681485
13.800000000000061,-1.4458693885577367,0.6005440547318766,2.324976000000001,1.9874760000000256,9.0,9.0,39.98609601598278,19.951580211595683,3.7708453885577375,1.386931945268149
13.850000000000062,-1.5823307745615196,0.7149977514018517,2.324976000000001,2.002976000000025,-8.800311381851884,8.33351251947894,44.53529560532329,-0.08891406902341782,3.9073067745615204,1.2879782485981734
13.900000000000063,-1.5823307745615196,0.7149977514018517,2.324976000000001,2.0184760000000237,9.0,9.0,41.05805819435172,13.447410684033676,3.9073067745615204,1.303478248598172
13.950000000000063,-1.5823307745615196,0.7149977514018517,2.324976000000001,2.0339760000000227,9.0,9.0,41.17088100613654,13.793659455910767,3.9073067745615204,1.318978248598171
14.000000000000064,-1.5860982134941413,0.8312432708485492,2.324976000000001,2.049476000000021,-9.0,-9.0,40.82332294586878,-5.4587986754060145,3.911074213494142,1.218232729151472
14.050000000000065,-1.5860982134941413,0.8312432708485492,2.324976000000001,2.064976000000021,9.0,9.0,41.451567554517254,6.368879418083041,3.911074213494142,1.233732729151472
14.100000000000065,-1.5936708940633064,0.7615199842311997,2.324976000000001,2.0804760000000213,9.0,9.0,42.33157036582086,12.7287561863332,3.9186468940633072,1.3189560157688216
14.150000000000066,-1.5936708940633064,0.7615199842311997,2.324976000000001,2.095976000000023,9.0,9.0,41.826041342568466,6.356760319784348,3.9186468940633072,1.3344560157688232
14.200000000000067,-1.5936708940633064,0.7615199842311997,2.324976000000001,2.111476000000025,9.0,9.0,41.94502679671,6.683368663608309,3.9186468940633072,1.3499560157688253
14.250000000000068,-1.4743119453541342,0.8121306605048301,2.324976000000001,2.1269760000000257,6.677140677049322,9.0,37.563101748256905,3.189534626888166,3.799287945354135,1.3148453394951956
14.300000000000068,-1.4743119453541342,0.8121306605048301,2.324976000000001,2.1424760000000256,9.0,9.0,41.48932685739219,6.124208989134691,3.799287945354135,1.3303453394951954
14.350000000000069,-1.4743119453541342,0.8121306605048301,2.324976000000001,2.1579760000000245,9.0,9.0,41.60587594685913,6.45036877206309,3.799287945354135,1.3458453394951944
14.40000000000007,-1.3617984742155376,0.8311987924877665,2.324976000000001,2.173476000000024,7.620574801833908,9.0,37.71695935595496,3.5562646557441058,3.6867744742155386,1.3422772075122573
14.45000000000007,-1.3617984742155376,0.8311987924877665,2.324976000000001,2.188976000000025,6.235157046130864,9.0,41.25111354061215,3.1967795195075746,3.6867744742155386,1.3577772075122585
14.500000000000071,-1.457131717120004,0.9165982104061193,2.324976000000001,2.2044760000000267,-9.0,-9.0,43.91732673211483,-11.99535411948649,3.782107717120005,1.2878777895939075
14.550000000000072,-1.457131717120004,0.9165982104061193,2.324976000000001,2.2199760000000284,-9.0,5.429295168992566,41.89603494782297,-1.0696035045658303,3.782107717120005,1.3033777895939092
14.600000000000072,-1.457131717120004,0.9165982104061193,2.324976000000001,2.235476000000029,-9.0,6.243535786185475,42.016762814350095,-0.765165548803157,3.782107717120005,1.3188777895939099
14.650000000000073,-1.4888728517891416,0.9420271199035792,2.324976000000001,2.2509760000000285,6.366173664968986,9.0,43.0160965990907,3.3307374247067902,3.8138488517891425,1.3089488800964493
14.700000000000074,-1.4888728517891416,0.9420271199035792,2.324976000000001,2.2664760000000275,9.0,9.0,42.34651315780674,6.76662390347789,3.8138488517891425,1.3244488800964482
14.750000000000075,-1.39111711581703,0.9493232204200283,2.324976000000001,2.281976000000026,3.6302160882735306,9.0,39.08406681003836,2.1012283579155526,3.7160931158170305,1.3326527795799978
14.800000000000075,-1.39111711581703,0.9493232204200283,2.324976000000001,2.297476000000025,-6.284622630653932,9.0,42.10147833064844,0.753547489781761,3.7160931158170305,1.3481527795799968
14.850000000000076,-1.39111711581703,0.9493232204200283,2.324976000000001,2.3129760000000243,-5.482991779454066,9.0,42.22049707859266,1.064598230617149,3.7160931158170305,1.3636527795799962
14.900000000000077,-1.39111711581703,0.9493232204200283,2.324976000000001,2.3284760000000246,-4.678082781436239,9.0,42.3396095903612,1.376902254231966,3.7160931158170305,1.3791527795799965
14.950000000000077,-1.2763136146410232,1.0796957152287028,2.324976000000001,2.3439760000000263,-9.0,-9.0,37.06145808984299,-19.0850615718943,3.601289614641024,1.2642802847713235
15.000000000000078,-1.2763136146410232,1.0796957152287028,2.324976000000001,2.3594760000000283,-9.0,-9.0,41.676850337839085,-10.007345785531053,3.601289614641024,1.2797802847713255
15.050000000000079,-1.3428507245682348,1.0004862862681103,2.324976000000001,2.3749760000000295,-9.0,-9.0,44.910256151979404,-4.881968673936671,3.6678267245682354,1.3744897137319192
15.10000000000008,-1.3428507245682348,1.0004862862681103,2.324976000000001,2.390476000000029,-9.0,-9.0,42.38004255147225,-9.954376811965203,3.6678267245682354,1.3899897137319186
15.15000000000008,-1.3428507245682348,1.0004862862681103,2.324976000000001,2.405976000000028,-9.0,-9.0,42.505658139764634,-9.673072157655385,3.6678267245682354,1.4054897137319176
15.200000000000081,-1.2212989602773545,0.9140579880643431,2.324976000000001,2.4214760000000273,-9.0,6.81643509044949,39.561439169375596,-0.4299980212276037,3.5462749602773553,1.5074180119356841
15.250000000000082,-1.2212989602773545,0.9140579880643431,2.324976000000001,2.436976000000028,-9.0,-9.0,42.154432985488654,-12.598597860357485,3.5462749602773553,1.5229180119356849
15.300000000000082,-1.2212989602773545,0.9140579880643431,2.324976000000001,2.45247600000003,-9.0,-9.0,42.28174425027293,-12.320585896571027,3.5462749602773553,1.538418011935687
15.350000000000083,-1.1353765260929347,0.6740729909922556,2.324976000000001,2.4679760000000317,9.0,9.0,42.82677448909919,12.208448187185443,3.4603525260929358,1.793903009007776
15.400000000000084,-1.1353765260929347,0.6740729909922556,2.324976000000001,2.4834760000000324,-9.0,-9.0,42.44772349875719,-12.941295103999497,3.4603525260929358,1.8094030090077768
15.450000000000085,-1.1353765260929347,0.6740729909922556,2.324976000000001,2.4989760000000323,-9.0,-9.0,42.5792820580195,-12.656421814742053,3.4603525260929358,1.8249030090077767
15.500000000000085,-1.1734100074449714,0.6804637056118239,2.324976000000001,2.5144760000000312,-9.0,-9.0,43.87388743353529,-14.37221129090593,3.498386007444972,1.8340122943882073
15.550000000000086,-1.1734100074449714,0.6804637056118239,2.324976000000001,2.5299760000000298,-9.0,-9.0,43.03453708738652,-11.991940908478249,3.498386007444972,1.8495122943882059
15.600000000000087,-1.1734100074449714,0.6804637056118239,2.324976000000001,2.5454760000000287,-9.0,-9.0,43.16707888037434,-11.703786624698154,3.498386007444972,1.8650122943882048
15.650000000000087,-1.1250771318957367,0.6900812396417271,2.324976000000001,2.5609760000000277,-9.0,-9.0,41.64348501864998,-7.242533209545678,3.4500531318957375,1.8708947603583006
15.700000000000088,-1.1250771318957367,0.6900812396417271,2.324976000000001,2.576476000000028,-9.0,-9.0,43.22516731877001,-7.870528896866359,3.4500531318957375,1.886394760358301
15.750000000000089,-1.1328112023382053,0.6757199242684391,2.324976000000001,2.5919760000000296,-9.0,-9.0,43.79831894192613,-6.591101709962336,3.4577872023382064,1.9162560757315905
15.80000000000009,-1.1328112023382053,0.6757199242684391,2.324976000000001,2.6074760000000317,-9.0,-9.0,43.55114426977316,-7.325056901528221,3.4577872023382064,1.9317560757315926
15.85000000000009,-1.1263600245276304,0.7044156001030232,2.324976000000001,2.622976000000033,-9.0,-9.0,43.02858433982063,-12.280003308673697,3.451336024527631,1.9185603998970095
15.900000000000091,-1.1263600245276304,0.7044156001030232,2.324976000000001,2.6384760000000327,-9.0,-9.0,43.67717797298319,-9.599624076240044,3.451336024527631,1.9340603998970094
15.950000000000092,-1.1263600245276304,0.7044156001030232,2.324976000000001,2.6539760000000316,-9.0,-9.0,43.809227847106904,-9.302214691994294,3.451336024527631,1.9495603998970084
16.000000000000092,-1.1263600245276304,0.7044156001030232,2.324976000000001,2.669476000000031,-9.0,-9.0,43.941430213438366,-9.003617862420587,3.451336024527631,1.9650603998970078
16.050000000000093,-1.1365447864282747,0.682821896980654,2.324976000000001,2.6849760000000313,-9.0,-9.0,44.724174575774626,-5.552491204263326,3.4615207864282755,2.0021541030193775
16.100000000000094,-1.1365447864282747,0.682821896980654,2.324976000000001,2.700476000000033,-9.0,-9.0,44.324612309812714,-6.845978066394865,3.4615207864282755,2.017654103019379
16.150000000000095,-1.1587642757646808,0.7092625063016256,2.324976000000001,2.715976000000035,-9.0,-9.0,44.89335697472242,-6.235921089703955,3.4837402757646814,2.0067134936984097
16.200000000000095,-1.1587642757646808,0.7092625063016256,2.324976000000001,2.731476000000036,-9.0,-4.375013586821586,44.68664554556484,-2.651750201911311,3.4837402757646814,2.022213493698411
16.250000000000096,-1.1587642757646808,0.7092625063016256,2.324976000000001,2.746976000000036,-9.0,-3.520737447225419,44.81688255132394,-2.3325134347203473,3.4837402757646814,2.0377134936984103
16.300000000000097,-1.103281054212002,0.7217219799640179,2.324976000000001,2.7624760000000355,-7.720782665704279,9.0,42.94992343543826,0.2468410528478109,3.4282570542120028,2.0407540200360175
16.350000000000097,-1.103281054212002,0.7217219799640179,2.324976000000001,2.777976000000034,-9.0,8.046860969471641,44.767901290443405,-0.20919112069858492,3.4282570542120028,2.056254020036016
16.400000000000098,-1.103281054212002,0.7217219799640179,2.324976000000001,2.793476000000033,-8.301827883185254,8.922242496464051,44.89628151859722,0.11817421205310429,3.4282570542120028,2.071754020036015
16.4500000000001,-1.0635011612730225,0.6845251548612044,2.324976000000001,2.808976000000032,9.0,9.0,44.176467626042644,5.316320771031763,3.3884771612730233,2.1244508451388278
16.5000000000001,-1.0635011612730225,0.6845251548612044,2.324976000000001,2.824476000000032,-6.651591649949278,9.0,45.02149983639857,0.7527984112763972,3.3884771612730233,2.139950845138828
16.5500000000001,-1.0635011612730225,0.6845251548612044,2.324976000000001,2.8399760000000334,-5.795100833224964,9.0,45.150302002255856,1.0852140636407688,3.3884771612730233,2.1554508451388292
16.6000000000001,-1.1257263355176679,0.7941174928964394,2.324976000000001,2.855476000000035,-9.0,-9.0,46.0195349080402,-10.537001214473484,3.4507023355176685,2.061358507103596
16.6500000000001,-1.1257263355176679,0.7941174928964394,2.324976000000001,2.870976000000036,-2.868889963196385,9.0,45.50920846687749,2.2170518457764956,3.4507023355176685,2.076858507103597
16.700000000000102,-1.1257263355176679,0.7941174928964394,2.324976000000001,2.886476000000036,3.990526852446431,9.0,45.637096505407214,2.5505386345227934,3.4507023355176685,2.0923585071035964
16.750000000000103,-1.1919627502898342,0.8358414948627245,2.324976000000001,2.901976000000035,-9.0,-3.5223496654982336,47.48708503165241,-2.4602801121732516,3.5169387502898353,2.0661345051373106
16.800000000000104,-1.1919627502898342,0.8358414948627245,2.324976000000001,2.9174760000000344,7.7075690424200065,9.0,46.148965174489774,3.9909294054214204,3.5169387502898353,2.08163450513731
16.850000000000104,-1.2033239569872474,0.7427306154574632,2.324976000000001,2.932976000000035,9.0,9.0,47.53152904200953,20.724341454299797,3.528299956987248,2.190245384542572
16.900000000000105,-1.2033239569872474,0.7427306154574632,2.324976000000001,2.9484760000000367,9.0,9.0,46.52109915439681,12.504511186868262,3.528299956987248,2.2057453845425736
16.950000000000106,-1.2033239569872474,0.7427306154574632,2.324976000000001,2.963976000000039,9.0,9.0,46.64631192865699,12.868465577962377,3.528299956987248,2.2212453845425757
17.000000000000107,-1.1809287006105798,0.7986720099692607,2.324976000000001,2.97947600000004,9.0,9.0,45.33117752858583,12.75872480552773,3.5059047006105803,2.180803990030779
17.050000000000107,-1.1809287006105798,0.7986720099692607,2.324976000000001,2.99497600000004,9.0,9.0,46.533030463973084,17.964463456722132,3.5059047006105803,2.196303990030779
17.100000000000108,-1.1809287006105798,0.7986720099692607,2.324976000000001,3.010476000000039,9.0,9.0,46.65389262729433,18.34199001792678,3.5059047006105803,2.211803990030778
17.15000000000011,-1.1788867850305147,0.8053901196567101,2.324976000000001,3.0259760000000373,9.0,9.0,46.68493987612014,16.774353395119917,3.5038627850305155,2.220585880343327
17.20000000000011,-1.1788867850305147,0.8053901196567101,2.324976000000001,3.041476000000036,9.0,9.0,46.91929311115968,17.74432618133488,3.5038627850305155,2.2360858803433254
17.25000000000011,-1.178192669053356,0.8387590569502622,2.324976000000001,3.0569760000000348,9.0,9.0,46.82989935394361,8.596942238214458,3.5031686690533568,2.2182169430497725
17.30000000000011,-1.178192669053356,0.8387590569502622,2.324976000000001,3.072476000000035,9.0,9.0,47.276305179434125,12.119890546117693,3.5031686690533568,2.2337169430497728
17.35000000000011,-1.178192669053356,0.8387590569502622,2.324976000000001,3.0879760000000362,9.0,9.0,47.402330326517394,12.48205213927692,3.5031686690533568,2.249216943049774
17.400000000000112,-1.1679289314484078,0.8374064452107626,2.324976000000001,3.1034760000000383,7.30102134516546,9.0,47.350674770501406,3.8932783586583373,3.4929049314484084,2.2660695547892757
17.450000000000113,-1.1679289314484078,0.8374064452107626,2.324976000000001,3.11897600000004,6.846877749946186,9.0,47.75617390425239,3.7395807573248514,3.4929049314484084,2.2815695547892774
17.500000000000114,-1.1679289314484078,0.8374064452107626,2.324976000000001,3.1344760000000402,7.723641568509705,9.0,47.8886827440376,4.079895966291202,3.4929049314484084,2.2970695547892777
17.550000000000114,-1.1388856733189356,0.8807044905260071,2.324976000000001,3.1499760000000387,-7.300209384215686,9.0,46.50877651386439,0.5765286400066144,3.4638616733189362,2.2692715094740317
17.600000000000115,-1.1388856733189356,0.8807044905260071,2.324976000000001,3.1654760000000377,7.288444134845019,9.0,47.91997954441962,3.915596791579989,3.4638616733189362,2.2847715094740306
17.650000000000116,-1.1388856733189356,0.8807044905260071,2.324976000000001,3.1809760000000376,8.166076472260347,9.0,48.05202587961353,4.256220840842682,3.4638616733189362,2.3002715094740305
17.700000000000117,-1.0735568534899231,0.9313640494663087,2.324976000000001,3.196476000000039,-9.0,-9.0,45.332258003647475,-6.592156002243064,3.398532853489924,2.2651119505337305
17.750000000000117,-1.0735568534899231,0.9313640494663087,2.324976000000001,3.2119760000000412,-9.0,-8.386567251988305,47.87862297399968,-4.331960047138387,3.398532853489924,2.2806119505337326
17.800000000000118,-1.0735568534899231,0.9313640494663087,2.324976000000001,3.227476000000043,-9.0,-7.535665997125542,48.014585553998465,-4.014281596714419,3.398532853489924,2.296111950533734
17.85000000000012,-1.005870194629562,0.7900600581941223,2.324976000000001,3.242976000000043,9.0,9.0,48.00093576939037,15.333933334900754,3.330846194629563,2.4529159418059208
17.90000000000012,-1.005870194629562,0.7900600581941223,2.324976000000001,3.2584760000000426,-9.0,9.0,48.26592989256892,0.006399487892686467,3.330846194629563,2.46841594180592
17.95000000000012,-1.005870194629562,0.7900600581941223,2.324976000000001,3.2739760000000415,-8.152414347247142,9.0,48.40197072516453,0.3420312355803525,3.330846194629563,2.483915941805919
18.00000000000012,-1.0076058094808862,0.7022660658113877,2.324976000000001,3.28947600000004,9.0,9.0,49.792375860565265,13.462859720164653,3.332581809480887,2.5872099341886523
18.05000000000012,-1.0076058094808862,0.7022660658113877,2.324976000000001,3.304976000000039,9.0,9.0,48.85645550325966,5.794155858650149,3.332581809480887,2.6027099341886513
18.100000000000122,-1.0076058094808862,0.7022660658113877,2.324976000000001,3.320476000000039,9.0,9.0,48.99176862482492,6.14917924539142,3.332581809480887,2.618209934188651
18.150000000000123,-1.1050804722530203,0.6455772514288037,2.324976000000001,3.33597600000004,-9.0,6.39183374193,53.156128641094995,-1.2391170812216665,3.430056472253021,2.690398748571236
18.200000000000124,-1.1050804722530203,0.6455772514288037,2.324976000000001,3.3514760000000416,-9.0,4.660895309660227,49.926640952396525,-1.7447370702435576,3.430056472253021,2.705898748571238
18.250000000000124,-1.1291458087460604,0.6775048810147857,2.324976000000001,3.366976000000043,-9.0,-9.0,50.3393222805333,-6.477738679125558,3.454121808746061,2.6894711189852574
18.300000000000125,-1.1291458087460604,0.6775048810147857,2.324976000000001,3.382476000000043,-9.0,-2.548205185838399,50.25622438937909,-2.221041232194585,3.454121808746061,2.7049711189852577
18.350000000000126,-1.1291458087460604,0.6775048810147857,2.324976000000001,3.3979760000000425,-9.0,4.342725871487732,50.401123728631575,-1.8885388931776055,3.454121808746061,2.720471118985257
18.400000000000126,-1.091036205611851,0.5699714494276447,2.324976000000001,3.4134760000000415,9.0,9.0,51.07007670024173,8.394177198532809,3.416012205611852,2.843504550572397
18.450000000000127,-1.091036205611851,0.5699714494276447,2.324976000000001,3.4289760000000418,-9.0,-3.4198031199578924,50.758380961461214,-2.5769907581487788,3.416012205611852,2.859004550572397
18.500000000000128,-1.1640203821877657,0.44942037924785927,2.324976000000001,3.4444760000000434,-6.411518141060691,9.0,55.20402725411654,1.329137244077667,3.4889963821877665,2.995055620752184
18.55000000000013,-1.1640203821877657,0.44942037924785927,2.324976000000001,3.4599760000000455,-9.0,-9.0,51.69552542040065,-5.3824975166918705,3.4889963821877665,3.010555620752186
18.60000000000013,-1.1640203821877657,0.44942037924785927,2.324976000000001,3.4754760000000466,-9.0,-9.0,51.849539495576465,-5.052900001776877,3.4889963821877665,3.0260556207521874
18.65000000000013,-1.166991162906696,0.5205348511188882,2.324976000000001,3.490976000000047,-9.0,-9.0,50.77015732090318,-16.491773860951735,3.491967162906697,2.9704411488811586
18.70000000000013,-1.166991162906696,0.5205348511188882,2.324976000000001,3.506476000000046,-9.0,-9.0,51.92441891548335,-9.886171606844297,3.491967162906697,2.9859411488811576
18.75000000000013,-1.166991162906696,0.5205348511188882,2.324976000000001,3.521976000000045,-9.0,-9.0,52.080603575929686,-9.571368149438845,3.491967162906697,3.0014411488811565
18.800000000000132,-1.166234595905187,0.5450032566670359,2.324976000000001,3.537476000000043,-9.0,-9.0,51.67575403675838,-15.875908959231175,3.491210595905188,2.992472743333007
18.850000000000133,-1.166234595905187,0.5450032566670359,2.324976000000001,3.552976000000042,-9.0,-9.0,52.2387238063618,-13.530007222553024,3.491210595905188,3.007972743333006
18.900000000000134,-1.157911711513295,0.5657209458782269,2.324976000000001,3.5684760000000417,-9.0,-9.0,51.625446058590704,-19.313259359809646,3.482887711513296,3.002755054121815
18.950000000000134,-1.157911711513295,0.5657209458782269,2.324976000000001,3.583976000000043,-9.0,-9.0,52.335145071832365,-17.744011288775372,3.482887711513296,3.0182550541218163
19.000000000000135,-1.157911711513295,0.5657209458782269,2.324976000000001,3.599476000000045,-9.0,-9.0,52.49613653285476,-17.453139930550137,3.482887711513296,3.0337550541218183
19.050000000000136,-1.1569583206577976,0.5667104392868351,2.324976000000001,3.6149760000000466,-9.0,-9.0,52.660816452719004,-15.363520836233523,3.4819343206577984,3.0482655607132116
19.100000000000136,-1.1569583206577976,0.5667104392868351,2.324976000000001,3.6304760000000473,-9.0,-9.0,52.86135120198866,-15.032796185114849,3.4819343206577984,3.0637655607132124
19.150000000000137,-1.1569583206577976,0.5667104392868351,2.324976000000001,3.6459760000000467,-9.0,-9.0,53.02201380618584,-14.733091720603339,3.4819343206577984,3.079265560713212
19.200000000000138,-1.1556694102165554,0.5389396897248188,2.324976000000001,3.6614760000000453,-9.0,-8.425827393637594,53.76945646771923,-4.627432172229523,3.4806454102165563,3.1225363102752266
19.25000000000014,-1.1556694102165554,0.5389396897248188,2.324976000000001,3.676976000000045,-9.0,-9.0,53.539925715553686,-6.765024830662535,3.4806454102165563,3.1380363102752264
19.30000000000014,-1.1556694102165554,0.5389396897248188,2.324976000000001,3.6924760000000467,-9.0,-9.0,53.697888460756545,-6.439370199650204,3.4806454102165563,3.153536310275228
19.35000000000014,-1.1822049559954797,0.5056943645131774,2.324976000000001,3.707976000000049,-9.0,-9.0,55.23770658698923,-7.302685336708279,3.5071809559954805,3.2022816354868713
19.40000000000014,-1.1822049559954797,0.5056943645131774,2.324976000000001,3.7234760000000504,-9.0,-9.0,54.200587436711004,-8.447057203399657,3.5071809559954805,3.217781635486873
19.45000000000014,-1.1822049559954797,0.5056943645131774,2.324976000000001,3.738976000000051,-9.0,-9.0,54.36172292855291,-8.125493377258845,3.5071809559954805,3.2332816354868736
19.500000000000142,-1.0898526272263356,0.4461648967883709,2.324976000000001,3.75447600000005,-9.0,5.235730963861955,52.826596801658575,-1.663845194798235,3.4148286272263366,3.308311103211679
19.550000000000143,-1.0898526272263356,0.4461648967883709,2.324976000000001,3.769976000000049,-9.0,-9.0,54.337223522727044,-11.376857726789229,3.4148286272263366,3.3238111032116784
19.600000000000144,-1.0898526272263356,0.4461648967883709,2.324976000000001,3.7854760000000476,-9.0,-9.0,54.50083692041025,-11.0608133307459,3.4148286272263366,3.339311103211677
19.650000000000144,-0.9248557434570432,0.44550609543693,2.324976000000001,3.8009760000000465,-4.217370702407542,9.0,49.76220889821198,1.9058687275691262,3.249831743457044,3.3554699045631167
19.700000000000145,-0.9248557434570432,0.44550609543693,2.324976000000001,3.816476000000046,-9.0,-9.0,54.090102075837386,-6.660384372401503,3.249831743457044,3.370969904563116
19.750000000000146,-0.9248557434570432,0.44550609543693,2.324976000000001,3.8319760000000467,-9.0,-9.0,54.24975489629029,-6.327353545096157,3.249831743457044,3.386469904563117
19.800000000000146,-0.8854390132191652,0.41920509480242363,2.324976000000001,3.847476000000048,-9.0,-5.158278312340657,53.71919510061654,-3.380258171397228,3.210415013219166,3.4282709051976243
19.850000000000147,-0.8854390132191652,0.41920509480242363,2.324976000000001,3.8629760000000495,-9.0,-9.0,54.437350855897385,-7.408431971148147,3.210415013219166,3.443770905197626
19.900000000000148,-0.939047815164088,0.4145534521488554,2.324976000000001,3.87847600000005,-9.0,-9.0,56.30673619504228,-8.453137868811776,3.264023815164089,3.463922547851195
19.95000000000015,-0.939047815164088,0.4145534521488554,2.324976000000001,3.89397600000005,-9.0,-9.0,55.0398644201111,-5.6113746676879375,3.264023815164089,3.4794225478511946
20.00000000000015,-0.939047815164088,0.4145534521488554,2.324976000000001,3.9094760000000495,-9.0,-9.0,55.201810736218654,-5.274217105027904,3.264023815164089,3.494922547851194
