t,x_actual,y_actual,x_deseada,y_deseada,Ref_Izq,Ref_Der,Vel_Lineal,Vel_Angular,error_x,error_y
0.05,0.3,0.0,0.0249760000000037,0.0249760000000037,6.0,6.0,-9.4602275999999,2.957574666667105,-0.27502399999999627,0.0249760000000037
0.1,0.3,0.0,0.04047600000000212,0.0249760000000037,1.296115212500188,1.129678787500172,-0.6657457000000644,0.4620560000000685,-0.25952399999999787,0.0249760000000037
0.15000000000000002,0.0018422711159601368,0.0033611823265601273,0.05597600000000099,0.0249760000000037,-0.9692638990942471,1.5320923482252669,10.005424989278056,0.107205418882099,0.05413372888404085,0.021614817673443573
0.2,0.0018422711159601368,0.0033611823265601273,0.07147600000000078,0.0249760000000037,0.9295221511506326,1.21641360008202,1.1475657957255498,0.40874966690145764,0.06963372888404064,0.021614817673443573
0.25,0.001922411521825762,0.004333977789493886,0.08697600000000182,0.0249760000000037,0.621240469459409,0.9292771948734845,1.2321469016563018,0.2953366979681702,0.08505358847817605,0.020642022210509814
0.3,0.001922411521825762,0.004333977789493886,0.10247600000000352,0.0249760000000037,0.8707494328777053,1.2013196712520857,1.3222809534975213,0.3946798293580554,0.10055358847817776,0.020642022210509814
0.35,0.0034370146942669932,0.004807667742796293,0.11797600000000488,0.0249760000000037,0.7155808556673043,1.054760165873722,1.356717240825671,0.3372078136268622,0.11453898530573789,0.020168332257207405
0.39999999999999997,0.0034370146942669932,0.004807667742796293,0.1334760000000049,0.0249760000000037,0.8280968750785926,1.2007593733215653,1.4906499929718908,0.3864488092190777,0.1300389853057379,0.020168332257207405
0.44999999999999996,0.0034370146942669932,0.004807667742796293,0.14897600000000377,0.0249760000000037,0.8217309436225091,1.2166155044699534,1.579538243389777,0.3882564663033262,0.14553898530573678,0.020168332257207405
0.49999999999999994,0.005278299640936179,0.008311362503607946,0.16447600000000256,0.0249760000000037,-0.3797482807064694,0.021087253683266666,1.6033421375589443,-0.06831638609965766,0.15919770035906639,0.016664637496395754
0.5499999999999999,0.005278299640936179,0.008311362503607946,0.1799760000000024,0.0249760000000037,0.5156346572155077,0.952885997602845,1.7490053615493486,0.2797182199654005,0.17469770035906623,0.016664637496395754
0.6,0.005278299640936179,0.008311362503607946,0.19547600000000367,0.0249760000000037,0.5019729695398767,0.9617256811644579,1.8390108464983244,0.27879974299130184,0.1901977003590675,0.016664637496395754
0.65,0.009397494178825683,0.011719835312505587,0.21097600000000544,0.0249760000000037,-0.7224536709134044,-0.2770529103894641,1.781603042095761,-0.19038220596245115,0.20157850582117975,0.013256164687498113
0.7000000000000001,0.009397494178825683,0.011719835312505587,0.22647600000000667,0.0249760000000037,0.11197931022991053,0.6114259124810129,1.9977864090044095,0.13779147099255684,0.217078505821181,0.013256164687498113
0.7500000000000001,0.009397494178825683,0.011719835312505587,0.24197600000000663,0.0249760000000037,0.08819458271326508,0.6104046932183526,2.08884044202035,0.13306652874887956,0.23257850582118095,0.013256164687498113
0.8000000000000002,0.0071522844666768726,0.015403176806548863,0.2574760000000056,0.0249760000000037,-1.2326712194215403,-0.6684580378101508,2.256852726445558,-0.36211985852032214,0.2503237155333287,0.009572823193454837
0.8500000000000002,0.0071522844666768726,0.015403176806548863,0.27297600000000405,0.0249760000000037,-0.27297248632628285,0.29808629818328775,2.2842351380382824,0.004783583210858078,0.2658237155333272,0.009572823193454837
0.9000000000000002,0.0071522844666768726,0.015403176806548863,0.2884760000000024,0.0249760000000037,-0.30320181557378256,0.2909216342742529,2.376493799392142,-0.0023390821522913693,0.2813237155333255,0.009572823193454837
0.9500000000000003,0.006342434462771995,0.01572480262488432,0.3039760000000012,0.0249760000000037,-0.4678180443102071,0.15657891104922525,2.4975878214377296,-0.059283644430663224,0.2976335655372292,0.00925119737511938
1.0000000000000002,0.006342434462771995,0.01572480262488432,0.3194760000000008,0.0249760000000037,-0.4061908797930763,0.23546192081786016,2.5666112024437457,-0.03251980170956497,0.3131335655372288,0.00925119737511938
1.0500000000000003,0.007011627099486661,0.013898050730619135,0.33497600000000166,0.0249760000000037,0.1428181829519677,0.802322463932592,2.638017123922497,0.18002678988277326,0.327964372900515,0.011077949269384565
1.1000000000000003,0.007011627099486661,0.013898050730619135,0.35047600000000345,0.0249760000000037,-0.37473231348350644,0.3128765908285306,2.750435617248148,-0.011782042410471594,0.3434643729005168,0.011077949269384565
1.1500000000000004,0.007011627099486661,0.013898050730619135,0.36597600000000496,0.0249760000000037,-0.4060612196304426,0.30509718749420556,2.8446336284985927,-0.019231244216426115,0.3589643729005183,0.011077949269384565
1.2000000000000004,0.007011627099486661,0.013898050730619135,0.38147600000000526,0.0249760000000037,-0.43752892559493173,0.29727582492004423,2.939219002059904,-0.026714876319026203,0.3744643729005186,0.011077949269384565
1.2500000000000004,0.009182648341621746,0.014128923503004959,0.39697600000000416,0.0249760000000037,-0.47357556822201846,0.26564859918708666,2.9568966696364205,-0.039605136959034636,0.3877933516583824,0.010847076496998741
1.3000000000000005,0.009182648341621746,0.014128923503004959,0.4124760000000029,0.0249760000000037,-0.4659677232568855,0.313404730505902,3.11748981505115,-0.029059617666854,0.40329335165838115,0.010847076496998741
1.3500000000000005,0.009182648341621746,0.014128923503004959,0.4279760000000025,0.0249760000000037,-0.49660009315437514,0.3066964687779382,3.2131862477292534,-0.036172118928845136,0.4187933516583808,0.010847076496998741
1.4000000000000006,0.009126020594825313,0.014133984403779744,0.44347600000000365,0.0249760000000037,-0.5419131665794226,0.28590450916843807,3.3112707029914428,-0.048763553792568484,0.43434997940517833,0.010842015596223956
1.4500000000000006,0.009126020594825313,0.014133984403779744,0.4589760000000054,0.0249760000000037,-0.5712524524008583,0.28025954322193825,3.4060479824911862,-0.05542722079598477,0.44984997940518007,0.010842015596223956
1.5000000000000007,0.009126020594825313,0.014133984403779744,0.4744760000000068,0.0249760000000037,-0.6026463931756827,0.27308036548160625,3.5029070346291555,-0.06277448146553836,0.46534997940518147,0.010842015596223956
1.5500000000000007,0.007462266606772572,0.014954355731018724,0.4899760000000069,0.0249760000000037,-0.9731347391466303,-0.05853857313706362,3.6583846640382665,-0.19650920233975122,0.48251373339323433,0.010021644268984976
1.6000000000000008,0.007462266606772572,0.014954355731018724,0.505476000000006,0.0249760000000037,-0.7732465054945487,0.15346318483203836,3.706838761306348,-0.11805396584047814,0.49801373339323346,0.010021644268984976
1.6500000000000008,0.007462266606772572,0.014954355731018724,0.5209760000000044,0.0249760000000037,-0.8069420399322725,0.1442820400597855,3.804896319968232,-0.1262209523566642,0.5135137333932318,0.010021644268984976
1.7000000000000008,0.006439073357639158,0.016405014118467336,0.5364760000000028,0.0249760000000037,-1.3696334654367366,-0.38511461146426595,3.938075415889882,-0.33423772893352427,0.5300369266423637,0.008570985881536364
1.7500000000000009,0.006439073357639158,0.016405014118467336,0.5519760000000016,0.0249760000000037,-1.0133604736891584,-0.011479206475199177,4.007525068855837,-0.1952075581265443,0.5455369266423624,0.008570985881536364
1.800000000000001,0.00881496771645579,0.016659627997622165,0.567476000000001,0.0249760000000037,-1.083604560236728,-0.07806574869932337,4.022155246149618,-0.22127053503543834,0.5586610322835452,0.008316372002381535
1.850000000000001,0.00881496771645579,0.016659627997622165,0.5829760000000017,0.0249760000000037,-1.0798056695802427,-0.031507683785308216,4.1931919431797375,-0.21167873397439063,0.574161032283546,0.008316372002381535
1.900000000000001,0.006639958159936732,0.014478867913142079,0.5984760000000034,0.0249760000000037,-0.41938430809919613,0.6737702246333506,4.372618130930187,0.048454460292219885,0.5918360418400668,0.010497132086861621
1.950000000000001,0.006639958159936732,0.014478867913142079,0.613976000000005,0.0249760000000037,-1.0020426280863861,0.09945157314175829,4.405976804912577,-0.17192210570373861,0.6073360418400682,0.010497132086861621
2.000000000000001,0.006170527764763067,0.014208049412600985,0.6294760000000055,0.0249760000000037,-0.9231442170377854,0.20779134821409928,4.523742261007539,-0.13625768929974974,0.6233054722352425,0.010767950587402715
2.0500000000000007,0.006170527764763067,0.014208049412600985,0.6449760000000044,0.0249760000000037,-1.0232162882671212,0.12944290356545451,4.610636767330303,-0.17024254946698414,0.6388054722352414,0.010767950587402715
2.1000000000000005,0.006170527764763067,0.014208049412600985,0.6604760000000032,0.0249760000000037,-1.057464107722823,0.12058961889230985,4.712214906460532,-0.17845228358676443,0.6543054722352402,0.010767950587402715
2.1500000000000004,0.007423693550752397,0.013808489006132511,0.6759760000000026,0.0249760000000037,-0.8148839652153974,0.3776577818077866,4.770166988092736,-0.08328117779192588,0.6685523064492502,0.011167510993871189
2.2,0.007423693550752397,0.013808489006132511,0.6914760000000035,0.0249760000000037,-0.9636628547134662,0.26378660346537824,4.909797832715378,-0.13330976214249293,0.6840523064492512,0.011167510993871189
2.25,0.007423693550752397,0.013808489006132511,0.7069760000000052,0.0249760000000037,-0.9952853235642467,0.257843324381176,5.012514591781691,-0.14046514270153726,0.6995523064492528,0.011167510993871189
2.3,0.007055928088214258,0.01209101554985232,0.7224760000000066,0.0249760000000037,-0.43318302703549116,0.849339873198503,5.130091600935977,0.07926797069771654,0.7154200719117922,0.01288498445015138
2.3499999999999996,0.007055928088214258,0.01209101554985232,0.7379760000000067,0.0249760000000037,-0.9104502133290363,0.39490571428795673,5.221423710467972,-0.09819895219830087,0.7309200719117925,0.01288498445015138
2.3999999999999995,0.007055928088214258,0.01209101554985232,0.7534760000000058,0.0249760000000037,-0.940776946667802,0.39055200644764304,5.32531581246178,-0.10480475051812552,0.7464200719117915,0.01288498445015138
2.4499999999999993,0.009034944756360241,0.01062284114664019,0.7689760000000042,0.0249760000000037,-0.4712848625498447,0.8688287848198075,5.360454589478609,0.0757226518609453,0.759941055243644,0.01435315885336351
2.499999999999999,0.009034944756360241,0.01062284114664019,0.7844760000000025,0.0249760000000037,-0.904990004178826,0.47587844757392117,5.523473807010989,-0.08173553459141046,0.7754410552436423,0.01435315885336351
2.549999999999999,0.009034944756360241,0.01062284114664019,0.7999760000000011,0.0249760000000037,-0.9349316677611916,0.4721884226250592,5.628480361545003,-0.08814157050212044,0.7909410552436409,0.01435315885336351
2.5999999999999988,0.008353780121946985,0.014313738809353767,0.8154760000000004,0.0249760000000037,-2.246396346462209,-0.8076969936027474,5.754797411437847,-0.5817320647742774,0.8071222198780534,0.010662261190649933
2.6499999999999986,0.008353780121946985,0.014313738809353767,0.8309760000000009,0.0249760000000037,-1.304603185234178,0.1561076529215787,5.842843352623027,-0.21876105377382846,0.822622219878054,0.010662261190649933
2.6999999999999984,0.008141538821495597,0.014950220085115186,0.8464760000000026,0.0249760000000037,-1.6084791907274303,-0.11950826551298921,5.955883700857764,-0.329140467855318,0.838334461178507,0.010025779914888514
2.7499999999999982,0.008141538821495597,0.014950220085115186,0.8619760000000041,0.0249760000000037,-1.4742897999071494,0.03985381576182445,6.056574462675895,-0.27322590174196665,0.8538344611785085,0.010025779914888514
2.799999999999998,0.008141538821495597,0.014950220085115186,0.8774760000000047,0.0249760000000037,-1.5094172422932939,0.031465061508774594,6.163529215208274,-0.2815147011018132,0.8693344611785091,0.010025779914888514
2.849999999999998,0.009602765301151228,0.011637067744007884,0.8929760000000038,0.0249760000000037,-0.46865632241475363,1.0868366421115137,6.221971858105069,0.11774863232319237,0.8833732346988525,0.013338932255995816
2.8999999999999977,0.009602765301151228,0.011637067744007884,0.9084760000000024,0.0249760000000037,-1.3870268260640533,0.20572334674344628,6.371000691229998,-0.2250101865372585,0.8988732346988512,0.013338932255995816
2.9499999999999975,0.009602765301151228,0.011637067744007884,0.9239760000000016,0.0249760000000037,-1.421323452836748,0.1984476555287471,6.47908443346198,-0.2329287232967621,0.9143732346988503,0.013338932255995816
2.9999999999999973,0.006834452480775632,0.011267097156946336,0.9394760000000023,0.0249760000000037,-1.1737952899237838,0.4977973087210785,6.686370394579449,-0.1287615202290867,0.9326415475192267,0.013708902843057364
3.049999999999997,0.006834452480775632,0.011267097156946336,0.9549760000000039,0.0249760000000037,-1.2760013123958371,0.4020076606618449,6.712035892230729,-0.16647498128266522,0.9481415475192283,0.013708902843057364
3.099999999999997,0.0034335651156547353,0.007481548386428094,0.9704760000000054,0.0249760000000037,0.39993593132938554,2.13593658396122,6.9440026105273365,0.4830233362458296,0.9670424348843507,0.017494451613575608
3.149999999999997,0.0034335651156547353,0.007481548386428094,0.9859760000000058,0.024976000000003697,-0.5915046227724987,1.1460958499773821,6.950401890999523,0.10563642422950162,0.9825424348843511,0.0174944516135756
3.1999999999999966,0.0034335651156547353,0.007481548386428094,1.0014760000000051,0.024976000000003693,-0.6132755342829266,1.151874473387572,7.060600030681995,0.10259027411517058,0.9980424348843504,0.0174944516135756
3.2499999999999964,0.0034335651156547353,0.007481548386428094,1.0169760000000037,0.024976000000003697,-0.6351364520513926,1.1576599582577605,7.171185641236613,0.09952828689645105,1.013542434884349,0.0174944516135756
3.2999999999999963,0.009158603593708625,0.006387329630910345,1.0324760000000017,0.024976000000003707,0.03416953880571605,1.803879164479055,7.0788385026933565,0.350104514911385,1.0233173964062932,0.01858867036909336
3.349999999999996,0.009158603593708625,0.006387329630910345,1.0479760000000002,0.024976000000003717,-0.30254003646415706,1.537851069952546,7.3615644256668125,0.2352973397120741,1.0388173964062917,0.018588670369093372
3.399999999999996,0.012633817826610216,0.009687916571656786,1.0634759999999994,0.024976000000003717,-1.8806361758136814,-0.043591483471932535,7.348178769366995,-0.3665195541496407,1.050842182173389,0.015288083428346932
3.4499999999999957,0.012633817826610216,0.009687916571656786,1.0789759999999997,0.02497600000000369,-1.068559614030314,0.8229180232155043,7.565910548983273,-0.04678887444091611,1.0663421821733894,0.015288083428346904
3.4999999999999956,0.015445667432576138,0.01672375569230565,1.0944760000000013,0.024976000000003638,-4.530132153335005,-2.638176058496088,7.567824379355667,-1.3653920403487796,1.079030332567425,0.008252244307697987
3.5499999999999954,0.015445667432576138,0.01672375569230565,1.109976000000003,0.024976000000003624,-2.7689464674009328,-0.8259143637936198,7.772128414429251,-0.68473539641801,1.0945303325674267,0.008252244307697974
3.599999999999995,0.015445667432576138,0.01672375569230565,1.1254760000000037,0.024976000000003704,-2.816161810785978,-0.8448953026993389,7.885066032346556,-0.6973442120924412,1.1100303325674274,0.008252244307698053
3.649999999999995,0.015445667432576138,0.01672375569230565,1.1409760000000029,0.02497600000000389,-2.8635452474105065,-0.863947520217679,7.998390908771309,-0.7099986224053686,1.1255303325674268,0.00825224430769824
3.699999999999995,0.013246238343750105,0.023818262744801928,1.1564760000000014,0.024976000000004,-6.0,-4.214330184113331,8.172987836764595,-1.9946490147462497,1.1432297616562512,0.0011577372552020702
3.7499999999999947,0.013246238343750105,0.023818262744801928,1.1719760000000006,0.024976000000003794,-4.426239697354106,-2.368245595326205,8.231976408111601,-1.2941876747962497,1.1587297616562504,0.0011577372552018655
3.7999999999999945,0.012987051541294092,0.019777801485410293,1.1874760000000018,0.02497600000000315,-2.9365137567096964,-0.8455378819525674,8.363903499028515,-0.7203907883166216,1.1744889484587078,0.0051981985145928555
3.8499999999999943,0.012987051541294092,0.019777801485410293,1.2029760000000038,0.024976000000002607,-4.051271150345636,-1.934929739257559,8.46536564435231,-1.1402287408767993,1.1899889484587098,0.005198198514592314
3.899999999999994,0.012987051541294092,0.019777801485410293,1.218476000000005,0.02497600000000303,-4.111616761337499,-1.9664583997024176,8.580633446540325,-1.1577286021028412,1.205488948458711,0.005198198514592738
3.949999999999994,0.007983506869646717,0.01759612047600445,1.2339760000000033,0.02497600000000514,-3.1778492141207098,-0.9581395568574569,8.878838629053012,-0.7878073849482223,1.2259924931303565,0.007379879524000689
3.999999999999994,0.007983506869646717,0.01759612047600445,1.2494760000000005,0.024976000000007516,-3.7316495228437523,-1.521061635583588,8.842351549040657,-1.0005164111290172,1.2414924931303537,0.0073798795240030655
4.049999999999994,-0.0005741804973671272,0.006559101213753188,1.2649759999999994,0.02497600000000703,2.5523835160836734,4.869755800993909,9.26948913964094,1.413740822300492,1.2655501804973666,0.01841689878625384
4.099999999999993,-0.0005741804973671272,0.006559101213753188,1.2804760000000042,0.024976000000000595,-0.31877588974814874,1.9634330162733098,9.128835624085834,0.3132680241000307,1.2810501804973713,0.01841689878624741
4.149999999999993,-0.0005741804973671272,0.006559101213753188,1.2959760000000122,0.024975999999990946,-0.3331919965757849,1.9784330720962702,9.24650027468822,0.3133792524800924,1.2965501804973794,0.018416898786237756
4.199999999999993,-0.0003966601937147596,-0.008420119224701454,1.311476000000013,0.024975999999989312,6.0,6.0,9.335627382577076,3.0751896598189328,1.3118726601937278,0.03339611922469077
4.249999999999993,-0.0003966601937147596,-0.008420119224701454,1.326975999999995,0.024976000000007575,2.9955819046407552,5.363563854876899,9.471927800944574,1.5922182399081246,1.32737266019371,0.03339611922470903
4.299999999999993,-0.0003966601937147596,-0.008420119224701454,1.3424759999999596,0.024976000000044195,3.0172215521105947,5.414891395463155,9.59067937341024,1.6061167519188095,1.3428726601936742,0.03339611922474565
4.3499999999999925,0.0008151213099002463,-0.01330352160213475,1.3579759999999446,0.024976000000060936,6.0,6.0,9.64922609574467,2.745385089407115,1.3571608786900442,0.038279521602195686
4.399999999999992,0.0008151213099002463,-0.01330352160213475,1.3734759999999933,0.024976000000013366,4.769616606067423,6.0,9.811563170221152,2.284214096131454,1.372660878690093,0.03827952160214812
4.449999999999992,0.0008151213099002463,-0.01330352160213475,1.3889760000001232,0.024975999999882873,4.81043350826012,6.0,9.93135143843712,2.305467595453242,1.3881608786902229,0.03827952160201763
4.499999999999992,-0.0003091063071855582,-0.019580797965343007,1.4044760000002154,0.02497599999978915,6.0,6.0,10.059366314710878,3.7917156047723157,1.404785106307401,0.04455679796513216
4.549999999999992,-0.0003091063071855582,-0.019580797965343007,1.4199760000001056,0.024975999999897993,6.0,6.0,10.15865124775897,3.188370747296377,1.4202851063072912,0.044556797965241
4.599999999999992,-0.0003091063071855582,-0.019580797965343007,1.4354759999996693,0.024976000000334574,6.0,6.0,10.279453728607715,3.2189252967913555,1.435785106306855,0.04455679796567758
4.6499999999999915,0.009251441275242744,-0.009360928314562514,1.450975999999236,0.02497600000076941,2.1261305396875896,4.650059758508042,10.095716875281807,1.290702913942025,1.4417245587239933,0.03433692831533192
4.699999999999991,0.009251441275242744,-0.009360928314562514,1.4664759999994188,0.024976000000588007,4.93016873569582,6.0,10.489500303143167,2.3776595327957013,1.4572245587241761,0.03433692831515052
4.749999999999991,0.009251441275242744,-0.009360928314562514,1.481976000000791,0.024975999999216437,4.9720197653077545,6.0,10.611396956661457,2.3994073847201665,1.4727245587255484,0.03433692831377895
4.799999999999991,0.012733813220551227,0.014023642793735223,1.497476000002613,0.024975999997393947,-6.0,-4.751629483045285,10.62653549088226,-2.3161700645354544,1.4847421867820618,0.010952357203658725
4.849999999999991,0.012733813220551227,0.014023642793735223,1.512976000002656,0.024975999997349747,-1.3138971634480205,1.401050043408343,10.859788827425454,0.01660054856387094,1.5002421867821047,0.010952357203614524
4.899999999999991,0.012733813220551227,0.014023642793735223,1.5284759999986315,0.024976000001372567,-1.336159031092744,1.4095735148704207,10.982930183852659,0.01398371119574795,1.5157421867780803,0.010952357207637344
4.94999999999999,0.022265888349200513,0.042624282135611716,1.5439759999915228,0.024976000008479816,-6.0,-6.0,10.65390292253218,-6.029758037077872,1.5217101116423222,-0.0176482821271319
4.99999999999999,0.022265888349200513,0.042624282135611716,1.5594759999891046,0.02497600001089684,-6.0,-6.0,11.133408473811974,-3.2945526021879394,1.537210111639904,-0.017648282124714875
5.04999999999999,0.02791562121113833,0.06447351022969908,1.5749759999999977,0.0249760000000037,-6.0,-6.0,10.85906976813884,-8.164013553293772,1.5470603787888595,-0.03949751022969537
5.09999999999999,0.02791562121113833,0.06447351022969908,1.5904760000260239,0.024975999973978782,-6.0,-6.0,11.245356294787026,-6.148901030794557,1.5625603788148856,-0.03949751025572029
5.14999999999999,0.02791562121113833,0.06447351022969908,1.6059760000418106,0.024975999958193818,-6.0,-6.0,11.368575082186565,-6.2128951053167105,1.5780603788306724,-0.03949751027150526
5.1999999999999895,0.01758000917075242,0.06579472978586212,1.6214760000151867,0.024975999984818864,-6.0,-6.0,11.789703520920552,-7.691375041145047,1.6038959908444341,-0.04081872980104326
5.249999999999989,0.01758000917075242,0.06579472978586212,1.6369759999257545,0.024976000074250677,-6.0,-6.0,11.614843981556257,-7.458180497529111,1.619395990755002,-0.04081872971161145
5.299999999999989,0.009110754805460974,0.04755315172033953,1.6524759998477192,0.024976000152284742,-6.0,-6.0,12.218104070783065,-3.465987066657255,1.6433652450422582,-0.02257715156805479
5.349999999999989,0.009110754805460974,0.04755315172033953,1.6679759999008499,0.024976000099152868,-6.0,-6.0,12.025019968369442,-5.226781783184439,1.658865245095389,-0.022577151621186665
5.399999999999989,0.009110754805460974,0.04755315172033953,1.6834760001895925,0.024975999810410373,-6.0,-6.0,12.15111542489232,-5.280218038631167,1.6743652453841316,-0.02257715190992916
5.449999999999989,0.05744265101117163,0.001331322508101581,1.6989760005293455,0.024975999470658906,6.0,6.0,10.732801344660215,3.2081132526214415,1.6415333495181739,0.023644676962557325
5.4999999999999885,0.05744265101117163,0.001331322508101581,1.714476000480758,0.02497599951924802,-5.972160914264848,-2.9143479530089165,12.23125184502373,-1.6926683556711934,1.6570333494695864,0.023644677011146437
5.549999999999988,0.05744265101117163,0.001331322508101581,1.72997599960762,0.024976000392386816,-6.0,-2.9541385356920715,12.358157214722747,-1.7138697857266343,1.6725333485964484,0.023644677884285235
5.599999999999988,0.05744265101117163,0.001331322508101581,1.7454759982438188,0.024976001756187704,-6.0,-2.994066511875933,12.485449533468232,-1.7351419823083665,1.6880333472326472,0.023644679248086123
5.649999999999988,0.05744265101117163,0.001331322508101581,1.7609759979517245,0.02497600204828086,-6.0,-3.034132383785317,12.613128853361998,-1.7564851392211682,1.703533346940553,0.023644679540179278
5.699999999999988,0.0038370149441384616,0.03058831791756294,1.7764760004023663,0.024975999597637223,-6.0,-4.8747391566010965,14.661703029387823,-2.5552198229617424,1.7726389854582278,-0.005612318319925716
5.749999999999988,0.0038370149441384616,0.03058831791756294,1.791976005531575,0.02497599446842701,-0.7716909165611574,2.522568971485854,13.177039552188045,0.33350058189041837,1.7881389905874365,-0.005612323449135929
5.799999999999987,-0.04094858262010315,0.07901883203831654,1.807476008070335,0.02497599192966568,-6.0,-4.3741696646010695,14.980493712024657,-2.3797071918492003,1.848424590690438,-0.05404284010865086
5.849999999999987,-0.04094858262010315,0.07901883203831654,1.822976001777821,0.024975998222179448,4.004750266807597,6.0,13.67405673036133,2.1767647078486716,1.8639245843979242,-0.054042833816137094
5.899999999999987,-0.04094858262010315,0.07901883203831654,1.8384759836651765,0.024976016334825143,4.054135470184426,6.0,13.80608408168546,2.201865135388613,1.8794245662852798,-0.0540428157034914
5.949999999999987,-0.06781665327150443,0.028971577164814768,1.8539759699715168,0.024976030028486345,6.0,6.0,14.702306437076452,9.614341973674282,1.9217926232430211,-0.003995547136328423
5.999999999999987,-0.06781665327150443,0.028971577164814768,1.869475983977348,0.024976016022656432,6.0,6.0,14.172055166143988,4.423046893859721,1.9372926372488526,-0.003995561142158335
6.0499999999999865,-0.07043442996799987,0.020930383308186314,1.8849760440409589,0.024975955959045604,6.0,6.0,14.192365939875053,9.30117178013226,1.9554104740089588,0.004045572650859291
6.099999999999986,-0.07043442996799987,0.020930383308186314,1.9004761064593494,0.024975893540653993,6.0,6.0,14.289229829016607,8.541801375820246,1.9709105364273491,0.004045510232467679
6.149999999999986,-0.07043442996799987,0.020930383308186314,1.9159760851297178,0.024975914870284405,6.0,6.0,14.422082115152893,8.61995111737387,1.9864105150977176,0.004045531562098092
6.199999999999986,-0.06715368274093303,-0.005485546386417697,1.931475898184258,0.02497610181574421,6.0,6.0,13.898382551514228,16.002188603913257,1.9986295809251908,0.030461648202161906
6.249999999999986,-0.06715368274093303,-0.005485546386417697,1.9469756395559725,0.024976360444030867,6.0,6.0,14.331720420104524,13.659832482465434,2.0141293222969057,0.030461906830448564
6.299999999999986,-0.052187013270599325,-0.0005857334075327486,1.9624756202272922,0.0249763797727127,6.0,6.0,13.916289548927091,13.683266730615477,2.0146626334978914,0.025562113180245448
6.349999999999985,-0.052187013270599325,-0.0005857334075327486,1.9779761627460866,0.024975837253919362,6.0,6.0,14.436199170123109,14.70388222802998,2.030163176016686,0.02556157066145211
6.399999999999985,-0.0520670046101151,0.024927470606980487,1.9934771620666192,0.024974837933386757,6.0,6.0,14.960313401512344,9.75543117356632,2.045544166676734,4.7367326406269616e-05
6.449999999999985,-0.0520670046101151,0.024927470606980487,2.008977541690055,0.024974458309950126,6.0,6.0,14.913685897054847,12.344759017028593,2.06104454630017,4.698770296963917e-05
6.499999999999985,-0.0520670046101151,0.024927470606980487,2.0244760909282777,0.024975909071725422,6.0,6.0,15.046740935950213,12.454283869446932,2.076543095538393,4.843846474493485e-05
6.549999999999985,-0.0520670046101151,0.024927470606980487,2.0399724644776698,0.024979535522331755,6.0,6.0,15.180180749065354,12.564100218720528,2.092039469087785,5.2064915351267976e-05
6.5999999999999845,-0.09788140578881616,0.03449125366254153,2.0554701305276795,0.02498186947232082,6.0,6.0,17.12850826683119,10.382295460830154,2.1533515363164955,-0.009509384190220706
6.649999999999984,-0.09788140578881616,0.03449125366254153,2.0709736073958167,0.024978392604183032,6.0,6.0,15.861720969017126,10.510577653846374,2.1688550131846327,-0.009512861058358496
6.699999999999984,-0.05651350564016733,-0.034773944793073344,2.0864859580516444,0.02496604194835611,6.0,6.0,14.099195775146544,17.471146453370704,2.1429994636918117,0.059739986741429454
6.749999999999984,-0.05651350564016733,-0.034773944793073344,2.1019972316139537,0.024954768386048466,6.0,6.0,15.851967852784092,11.561196233059574,2.158510737254121,0.05972871317912181
6.799999999999984,-0.030197991440617578,-0.053108218910392566,2.1174906266165183,0.02496137338348532,6.0,6.0,14.79874710072881,14.910643791152436,2.1476886180571357,0.07806959229387789
6.849999999999984,-0.030197991440617578,-0.053108218910392566,2.13295110887205,0.025000891127953895,6.0,6.0,15.82506736390794,13.83444717239102,2.1631491003126673,0.07810911003834646
6.8999999999999835,-0.030197991440617578,-0.053108218910392566,2.148402678423884,0.0250493215761184,6.0,6.0,15.960599077010176,13.946210915404395,2.1786006698645015,0.07815754048651097
6.949999999999983,-0.030197991440617578,-0.053108218910392566,2.1639067611065785,0.025045238893422694,6.0,6.0,16.100576495959654,14.049808120343084,2.194104752547196,0.07815345780381526
6.999999999999983,0.027216101273566384,-0.060801533139805845,2.1795250748607504,0.024926925139250607,6.0,6.0,14.393381154503034,10.937301161803207,2.152308973587184,0.08572845827905645
7.049999999999983,0.027216101273566384,-0.060801533139805845,2.1952175686386175,0.024734431361384375,6.0,6.0,16.269938980958592,11.253529075709533,2.168001467365051,0.08553596450119022
7.099999999999983,-0.0015908080091229793,-0.10148278040428711,2.210767115285202,0.02468488471480182,6.0,6.0,17.119074192577287,17.09861946998331,2.212357923294325,0.12616766511908895
7.149999999999983,-0.0015908080091229793,-0.10148278040428711,2.225938897289094,0.02501310271091102,6.0,6.0,16.599922192400214,12.735014521653929,2.227529705298217,0.12649588311519813
7.199999999999982,-0.0015908080091229793,-0.10148278040428711,2.240721346624901,0.025730653375104103,6.0,6.0,16.717776530616504,12.877578237794964,2.242312154634024,0.1272134337793912
7.249999999999982,0.005060737477658284,-0.12361465766969523,2.2558393543153215,0.0261126456846824,6.0,6.0,16.631219294142706,13.814754998679893,2.250778616837663,0.14972730335437764
7.299999999999982,0.005060737477658284,-0.12361465766969523,2.2721694568840847,0.025282543115918026,6.0,6.0,17.153814150088042,11.607532444221,2.2671087194064263,0.14889720078561325
7.349999999999982,0.005060737477658284,-0.12361465766969523,2.290180338355536,0.022771661644465584,6.0,6.0,17.391620520597677,11.4535975013251,2.2851196008778776,0.14638631931416082
7.399999999999982,-0.03396369162483032,-0.05515691852384664,2.3076746742309435,0.02077732576905704,4.088768272683446,6.0,19.24951770675641,2.4742697089630465,2.341638365855774,0.07593424429290369
7.4499999999999815,-0.03396369162483032,-0.05515691852384664,2.3213840863041595,0.02256791369584006,6.0,6.0,17.71838664063153,9.523147100924685,2.3553477779289897,0.07772483221968671
7.499999999999981,-0.059289844007054227,-0.010748931002652309,2.3282883525583964,0.03116364744160168,6.0,6.0,18.554984554378162,3.5962252997418145,2.3875781965654506,0.04191257844425399
7.549999999999981,-0.059289844007054227,-0.010748931002652309,2.3289383412263485,0.046013658773648373,6.0,6.0,17.434428235272403,8.949146299331263,2.3882281852334026,0.05676258977630068
7.599999999999981,-0.059289844007054227,-0.010748931002652309,2.3265420819594835,0.06390991804051241,6.0,6.0,17.34258852848542,9.658355341038334,2.3858319259665377,0.07465884904316472
7.649999999999981,-0.059289844007054227,-0.010748931002652309,2.3243307552194965,0.08162124478049969,6.0,6.0,17.420796779407464,9.892313899056361,2.3836205992265507,0.092370175783152
7.699999999999981,-0.035900047299630256,0.019862785999492674,2.3238509686305373,0.09760103136946062,6.0,6.0,16.832807667073695,5.819462234616304,2.3597510159301676,0.07773824536996794
7.7499999999999805,-0.035900047299630256,0.019862785999492674,2.324385349317789,0.11256665068221038,6.0,6.0,17.557808483341883,9.230115701213858,2.360285396617419,0.0927038646827177
7.79999999999998,-0.035900047299630256,0.019862785999492674,2.325058137980355,0.12739386201964473,6.0,6.0,17.611801824512256,9.531734247271324,2.3609581852799852,0.10753107602015205
7.84999999999998,-0.1331052397772779,0.034459757973103744,2.325280563293291,0.14267143670670812,6.0,6.0,21.161569424800064,8.107439135411838,2.458385803070569,0.10821167873360438
7.89999999999998,-0.1331052397772779,0.034459757973103744,2.3251782087624244,0.15827379123757304,6.0,6.0,18.262701379261614,9.266758446241049,2.4582834485397025,0.1238140332644693
7.94999999999998,-0.237910861937015,0.12162923261390249,2.3249859416414256,0.1739660583585713,-6.0,-6.0,22.14455378448321,-6.733911007586857,2.5628968035784405,0.0523368257446688
7.99999999999998,-0.237910861937015,0.12162923261390249,2.3248979958944265,0.18955400410557097,4.2102368938672825,6.0,19.139967562938622,2.515326795898899,2.5628088578314414,0.06792477149166848
8.04999999999998,-0.237910861937015,0.12162923261390249,2.324911271878366,0.20504072812163318,4.910528007879161,6.0,19.210646407413385,2.7854700224022224,2.562822133815381,0.08341149550773069
8.09999999999998,-0.33362792475763914,0.19054368890729348,2.324962850430693,0.22048914956930743,-6.0,-6.0,22.490650740840497,-9.551006053339423,2.6585907751883324,0.02994546066201395
8.14999999999998,-0.33362792475763914,0.19054368890729348,2.324994552505577,0.23595744749442424,-6.0,-1.804495870958001,19.868289242449812,-1.63353601000542,2.6586224772632163,0.04541375858713076
8.199999999999982,-0.3538761922540052,0.21270360083647172,2.3249956464571087,0.2514563535428926,-6.0,-6.0,20.593105414902908,-4.189142352832579,2.678871838711114,0.03875275270642087
8.249999999999982,-0.3538761922540052,0.21270360083647172,2.3249826695576337,0.26696933044236626,-6.0,-1.5387844324961164,20.114975256997578,-1.544059557950786,2.678858861811639,0.05426572960589454
8.299999999999983,-0.3538761922540052,0.21270360083647172,2.324972080809917,0.2824799191900819,-5.867528544388126,-0.820285621520997,20.188971691468513,-1.273869364935071,2.678848273063922,0.0697763183536102
8.349999999999984,-0.37705206741575503,0.27064276034068013,2.3249703110061875,0.29798168899380983,-6.0,-6.0,20.99328699428541,-5.406279470745541,2.7020223784219426,0.0273389286531297
8.399999999999984,-0.37705206741575503,0.27064276034068013,2.3249733317481036,0.313478668251893,-0.5616431132203799,4.549719266067281,20.445449517150642,0.7596335529232192,2.7020253991638588,0.04283590791121289
8.449999999999985,-0.37705206741575503,0.27064276034068013,2.3249766410963586,0.32897535890363866,0.16189504669732502,5.291066817100969,20.516687081614577,1.0386594026282465,2.7020287085121137,0.058332598562958526
8.499999999999986,-0.4108511711148966,0.3295732040739925,2.324977572720368,0.3444744272796306,-6.0,-6.0,21.709398622755725,-5.272922613626494,2.7358287438352646,0.014901223205638137
8.549999999999986,-0.4108511711148966,0.3295732040739925,2.3249769473403537,0.3599750526596472,0.062352500702961056,5.269994548049686,20.830568189386902,1.0156851521433614,2.73582811845525,0.0304018485856547
8.599999999999987,-0.4108511711148966,0.3295732040739925,2.324975975635842,0.3754760243641596,0.7876429870211159,6.0,20.90199562573439,1.2953875962811103,2.7358271467507387,0.04590282029016712
8.649999999999988,-0.4738516249451948,0.3415630479824738,2.324975586905396,0.39097641309460535,-6.0,-2.9378521561753472,23.18535759173923,-2.2232464210067624,2.798827211850591,0.04941336511213157
8.699999999999989,-0.4738516249451948,0.3415630479824738,2.324975688625189,0.4064763113748111,-3.6074191846627723,1.7418557944493012,21.397099916448294,-0.35534540765970885,2.798827313570384,0.06491326339233733
8.74999999999999,-0.4147704644239829,0.31089891900978417,2.324975956392319,0.4219760436076808,6.0,6.0,19.434429274781614,4.588817938874484,2.739746420816302,0.11107712459789665
8.79999999999999,-0.4147704644239829,0.31089891900978417,2.3249761017597916,0.4374758982402091,1.2615608644446858,6.0,21.22801780682864,1.4914526058279107,2.7397465661837748,0.12657697923042494
8.84999999999999,-0.4147704644239829,0.31089891900978417,2.324976096580687,0.45297590341931554,1.9961723211081424,6.0,21.30117730168478,1.7747883747880915,2.7397465610046696,0.14207698440953137
8.899999999999991,-0.44036438223819135,0.31400609415927794,2.3249760272814464,0.46847597271855784,2.4916960168479108,6.0,22.2729048794273,2.0098320482957424,2.765340409519638,0.1544698785592799
8.949999999999992,-0.44036438223819135,0.31400609415927794,2.3249759771895615,0.48397602281044366,4.463742103602412,6.0,21.583638202240294,2.7282654776695043,2.765340359427753,0.16996992865116572
8.999999999999993,-0.44036438223819135,0.31400609415927794,2.324975971474304,0.49947602852570067,5.21160134790005,6.0,21.65694454595079,3.0166550156738663,2.7653403537124954,0.18546993436642273
9.049999999999994,-0.46694795978033216,0.3230856269004167,2.3249759881992618,0.514976011800742,2.1317714273115667,6.0,22.659869379993697,1.8911447999279158,2.791923947979594,0.19189038490032534
9.099999999999994,-0.46694795978033216,0.3230856269004167,2.3249760042932577,0.5304759957067446,5.708247947598486,6.0,21.951134099670263,3.2198627466884835,2.79192396407359,0.20739036880632794
9.149999999999995,-0.46694795978033216,0.3230856269004167,2.3249760080461086,0.5459759919538925,6.0,6.0,22.025368596301327,3.5106417861361456,2.791923967826441,0.22289036505347576
9.199999999999996,-0.4693039546598457,0.34128054588015255,2.324976004376903,0.5614759956230972,1.84964928694217,6.0,22.150176507251814,1.7593986096566274,2.794279959036749,0.2201954497429447
9.249999999999996,-0.4693039546598457,0.34128054588015255,2.3249759995236343,0.5769760004763663,6.0,6.0,22.180025473411863,3.8803678629374825,2.79427995418348,0.23569545459621377
9.299999999999997,-0.44958206223060787,0.28403824075562134,2.3249759978375604,0.5924760021624418,6.0,6.0,21.687901870883547,10.25273867439747,2.774558060068168,0.30843776140682044
9.349999999999998,-0.44958206223060787,0.28403824075562134,2.3249759985178193,0.6079760014821847,6.0,6.0,22.251516369814244,4.718596115599842,2.774558060748427,0.32393776072656333
9.399999999999999,-0.44958206223060787,0.28403824075562134,2.324975999892187,0.6234760001078181,6.0,6.0,22.326313833684885,5.016796702883662,2.7745580621227948,0.3394377593521968
9.45,-0.47386492588516277,0.23453573020143578,2.324976000548835,0.6389759994511699,6.0,6.0,23.436890824215247,9.183375325390697,2.7988409264339977,0.4044402692497341
9.5,-0.47386492588516277,0.23453573020143578,2.324976000470569,0.6544759995294351,6.0,6.0,22.66605100441999,4.749068709396124,2.7988409263557315,0.4199402693279993
9.55,-0.47386492588516277,0.23453573020143578,2.3249760001051394,0.6699759998948638,6.0,6.0,22.743711345114942,5.049197348079176,2.798840925990302,0.435440269693428
9.600000000000001,-0.49360979061804,0.16598182362701727,2.3249759998711825,0.6854760001288213,6.0,6.0,23.567586241264923,16.008332167197832,2.8185857904892226,0.519494176501804
9.650000000000002,-0.49360979061804,0.16598182362701727,2.324975999858163,0.7009760001418424,6.0,6.0,22.95325038179229,9.571730594113752,2.8185857904762033,0.5349941765148251
9.700000000000003,-0.49360979061804,0.16598182362701727,2.3249759999491992,0.716476000050808,6.0,6.0,23.028340510478706,9.890237262532278,2.8185857905672393,0.5504941764237907
9.750000000000004,-0.6151129533303339,0.16886183046431885,2.3249760000265676,0.7319759999734406,6.0,6.0,27.51436528075804,4.555508297453518,2.9400889533569012,0.5631141695091217
9.800000000000004,-0.6151129533303339,0.16886183046431885,2.324976000040804,0.7474759999592039,6.0,6.0,23.97817732209808,6.339037430515314,2.940088953371138,0.578614169494885
9.850000000000005,-0.6151129533303339,0.16886183046431885,2.324976000019895,0.7629759999801121,6.0,6.0,24.06113118852062,6.647110554286646,2.9400889533502292,0.5941141695157932
9.900000000000006,-0.6669958848053578,0.17858729867776502,2.324975999995932,0.7784760000040739,-6.0,0.21667041616547245,25.98926164531037,-1.1550427769517424,2.99197188480129,0.5998887013263089
9.950000000000006,-0.6669958848053578,0.17858729867776502,2.324975999988798,0.7939760000112067,-0.5096863871561728,5.639397803552898,24.596336762836284,0.9770878888374716,2.9919718847941557,0.6153887013334417
10.000000000000007,-0.7730652957054178,0.20249309572365704,2.3249759999930273,0.8094760000069763,-6.0,-6.0,28.23290684534063,-5.229785762532297,3.098041295698445,0.6069829042833192
10.050000000000008,-0.7730652957054178,0.20249309572365704,2.324976000000001,0.8249760000000032,-4.78213616196695,1.5518922591212565,25.336113684352824,-0.6152845529229891,3.0980412957054186,0.6224829042763461
10.100000000000009,-0.7730652957054178,0.20249309572365704,2.32497600000292,0.8404759999970859,-4.050931693354607,2.306850673748268,25.4311294684115,-0.33220590849644543,3.0980412957083376,0.6379829042734289
10.15000000000001,-0.7730652957054178,0.20249309572365704,2.324976000002272,0.8559759999977357,-3.3164055224796964,3.0651489137503107,25.52621774492003,-0.04785840166274021,3.0980412957076897,0.6534829042740786
10.20000000000001,-0.8219735947463991,0.25125504046238323,2.3249760000003676,0.8714759999996415,-6.0,-6.0,26.545018086383838,-17.76613366421302,3.1469495947467667,0.6202209595372583
10.25000000000001,-0.8219735947463991,0.25125504046238323,2.32497599999929,0.8869760000007194,-6.0,-6.0,25.707500428223742,-11.377945242106858,3.146949594745689,0.6357209595383362
10.300000000000011,-0.8688755575363636,0.2962594882356432,2.3249759999993014,0.9024760000007064,-6.0,-6.0,26.28093860921011,-26.261588428875445,3.193851557535665,0.6062165117650632
10.350000000000012,-0.8688755575363636,0.2962594882356432,2.32497599999979,0.9179760000002171,-6.0,-6.0,25.638488876148166,-20.06666319969688,3.1938515575361537,0.6217165117645739
10.400000000000013,-0.8688755575363636,0.2962594882356432,2.3249760000001576,0.9334759999998499,-6.0,-6.0,25.751931143805393,-19.862709019124193,3.1938515575365214,0.6372165117642067
10.450000000000014,-0.8889516021978092,0.3250845507103268,2.324976000000206,0.9489759999998029,-6.0,-6.0,25.249043455843193,-32.50879152166593,3.213927602198015,0.623891449289476
10.500000000000014,-0.8889516021978092,0.3250845507103268,2.3249760000000896,0.9644759999999212,-6.0,-6.0,25.26563209145333,-28.84929966524425,3.2139276021978986,0.6393914492895943
10.550000000000015,-0.8889516021978092,0.3250845507103268,2.3249759999999724,0.9799760000000394,-6.0,-6.0,25.385389097076327,-28.684605325182822,3.2139276021977814,0.6548914492897125
10.600000000000016,-0.8905774674408603,0.3459389754347373,2.3249759999999435,0.9954760000000685,-6.0,-6.0,24.458045937792942,-36.776608038921324,3.2155534674408037,0.6495370245653312
10.650000000000016,-0.8905774674408603,0.3459389754347373,2.3249759999999684,1.0109760000000425,-6.0,-6.0,24.88499161231006,-34.810264488584764,3.2155534674408286,0.6650370245653052
10.700000000000017,-0.888112999873693,0.3401128807830178,2.3249760000000035,1.0264760000000062,-6.0,-6.0,24.81143918480178,-35.825385413712596,3.2130889998736967,0.6863631192169883
10.750000000000018,-0.888112999873693,0.3401128807830178,2.3249760000000164,1.041975999999992,-6.0,-6.0,24.89725977491774,-36.31543509417505,3.213088999873709,0.7018631192169742
10.800000000000018,-0.888112999873693,0.3401128807830178,2.3249760000000115,1.0574759999999954,-6.0,-6.0,25.022047309019428,-36.185158109031676,3.2130889998737047,0.7173631192169776
10.85000000000002,-0.8843519536924479,0.3257368022494447,2.3249760000000017,1.0729760000000055,-6.0,-6.0,25.611853222417942,-31.980748198736933,3.2093279536924495,0.7472391977505608
10.90000000000002,-0.8843519536924479,0.3257368022494447,2.324975999999997,1.0884760000000118,-6.0,-6.0,25.595188350736922,-33.24522697587787,3.2093279536924446,0.7627391977505671
10.95000000000002,-0.8657889410489756,0.31217591628899,2.3249759999999973,1.1039760000000134,-6.0,-6.0,25.8054630607309,-26.827440508579187,3.1907649410489727,0.7918000837110234
11.000000000000021,-0.8657889410489756,0.31217591628899,2.324976,1.1194760000000124,-6.0,-6.0,26.200278459170857,-28.771932767875086,3.1907649410489753,0.8073000837110224
11.050000000000022,-0.8657889410489756,0.31217591628899,2.3249760000000017,1.1349760000000109,-6.0,-6.0,26.322785268909875,-28.60350647411715,3.190764941048977,0.8228000837110209
11.100000000000023,-0.8657889410489756,0.31217591628899,2.3249760000000017,1.1504760000000096,-6.0,-6.0,26.44548919619137,-28.43396812058627,3.190764941048977,0.8383000837110196
11.150000000000023,-0.8348588080459487,0.28132303531678576,2.3249760000000013,1.1659760000000092,-6.0,-6.0,26.535926831833727,-18.22812613413478,3.15983480804595,0.8846529646832235
11.200000000000024,-0.8348588080459487,0.28132303531678576,2.324976000000001,1.18147600000001,-6.0,-6.0,27.055585732085905,-22.189960902586026,3.1598348080459493,0.9001529646832243
11.250000000000025,-0.7789816169689967,0.2493832204467029,2.3249760000000004,1.1969760000000118,-6.0,-6.0,26.07070559444757,-12.765514251470323,3.103957616968997,0.9475927795533089
11.300000000000026,-0.7789816169689967,0.2493832204467029,2.324976000000001,1.2124760000000137,-6.0,-6.0,27.29018927532937,-17.831360270466035,3.1039576169689975,0.9630927795533107
11.350000000000026,-0.7789816169689967,0.2493832204467029,2.324976000000001,1.2279760000000148,-6.0,-6.0,27.407381470646232,-17.61214635851815,3.1039576169689975,0.9785927795533119
11.400000000000027,-0.6477590745289055,0.23289900326415866,2.324976000000001,1.243476000000015,-6.0,-6.0,23.561136142759054,-9.102255717401732,2.9727350745289063,1.0105769967358562
11.450000000000028,-0.6477590745289055,0.23289900326415866,2.324976000000001,1.2589760000000139,-6.0,-6.0,27.014951425035946,-16.0195495887627,2.9727350745289063,1.0260769967358552
11.500000000000028,-0.6477590745289055,0.23289900326415866,2.324976000000001,1.2744760000000124,-6.0,-6.0,27.12998414222125,-15.791611214654173,2.9727350745289063,1.0415769967358537
11.55000000000003,-0.6246461565865925,0.24760896327258491,2.324976000000001,1.289976000000011,-6.0,-6.0,26.4348580887945,-12.778017792457243,2.949622156586593,1.042367036727426
11.60000000000003,-0.6246461565865925,0.24760896327258491,2.324976000000001,1.3054760000000099,-6.0,-6.0,27.358742181569646,-12.105314377532888,2.949622156586593,1.057867036727425
11.65000000000003,-0.5834313259499548,0.2998354542853247,2.324976000000001,1.32097600000001,-6.0,-6.0,25.591358382702296,-11.33689717175205,2.9084073259499554,1.0211405457146852
11.700000000000031,-0.5834313259499548,0.2998354542853247,2.324976000000001,1.336476000000011,-6.0,-6.0,27.407123347005776,-7.636391298467775,2.9084073259499554,1.0366405457146863
11.750000000000032,-0.5834313259499548,0.2998354542853247,2.324976000000001,1.3519760000000132,-6.0,-6.0,27.514429415639345,-7.373578209540994,2.9084073259499554,1.0521405457146884
11.800000000000033,-0.5834313259499548,0.2998354542853247,2.324976000000001,1.367476000000015,-6.0,-6.0,27.621871803755244,-7.109556019714593,2.9084073259499554,1.0676405457146902
11.850000000000033,-0.500011881663685,0.31903286985123513,2.324976000000001,1.3829760000000153,-6.0,-4.19957885567461,24.756416416589232,-2.778716536285053,2.8249878816636858,1.0639431301487803
11.900000000000034,-0.500011881663685,0.31903286985123513,2.324976000000001,1.3984760000000143,-6.0,-5.3858810256337435,27.41439358861484,-3.35721151398499,2.8249878816636858,1.0794431301487792
11.950000000000035,-0.4044324904488911,0.3922695576335312,2.324976000000001,1.4139760000000132,-6.0,-6.0,23.542549981641468,-4.3765914823579655,2.729408490448892,1.0217064423664821
12.000000000000036,-0.4044324904488911,0.3922695576335312,2.324976000000001,1.429476000000013,-2.6917849652967663,4.060261646837939,27.008186448538822,0.26066222505546144,2.729408490448892,1.037206442366482
12.050000000000036,-0.40220723493972227,0.3847176679236678,2.324976000000001,1.4449760000000147,3.9082559687065985,6.0,27.09529872455744,2.779111736867154,2.727183234939723,1.060258332076347
12.100000000000037,-0.40220723493972227,0.3847176679236678,2.324976000000001,1.4604760000000168,2.6157971349033837,6.0,27.194787741134906,2.291484039064856,2.727183234939723,1.075758332076349
12.150000000000038,-0.40220723493972227,0.3847176679236678,2.324976000000001,1.4759760000000184,3.3934400618346583,6.0,27.290538892220724,2.592288542233238,2.727183234939723,1.0912583320763507
12.200000000000038,-0.40220723493972227,0.3847176679236678,2.324976000000001,1.4914760000000185,4.174337580779895,6.0,27.386393509225794,2.8943378169269023,2.727183234939723,1.1067583320763505
12.250000000000039,-0.3767803078183356,0.3742845649747384,2.324976000000001,1.5069760000000176,6.0,6.0,26.63014589683511,8.647039012799137,2.7017563078183366,1.1326914350252792
12.30000000000004,-0.3767803078183356,0.3742845649747384,2.324976000000001,1.5224760000000161,6.0,6.0,27.39270613664165,7.366405021838196,2.7017563078183366,1.1481914350252778
12.35000000000004,-0.3767803078183356,0.3742845649747384,2.324976000000001,1.5379760000000147,6.0,6.0,27.48467604480849,7.685742422609409,2.7017563078183366,1.1636914350252763
12.400000000000041,-0.37427155633829756,0.33617440051085395,2.324976000000001,1.5534760000000134,6.0,6.0,27.349495865329402,20.779975453732572,2.6992475563382983,1.2173015994891594
12.450000000000042,-0.37427155633829756,0.33617440051085395,2.324976000000001,1.5689760000000132,6.0,6.0,27.34640750141457,17.32297327986167,2.6992475563382983,1.2328015994891592
12.500000000000043,-0.3732323707874915,0.34447661776720495,2.324976000000001,1.5844760000000144,6.0,6.0,27.30732062176621,17.504958446008178,2.6982083707874924,1.2399993822328095
12.550000000000043,-0.3732323707874915,0.34447661776720495,2.324976000000001,1.5999760000000165,6.0,6.0,27.4533773106427,18.669885200153722,2.6982083707874924,1.2554993822328115
12.600000000000044,-0.3732323707874915,0.34447661776720495,2.324976000000001,1.6154760000000183,6.0,6.0,27.535694478514557,19.026862263554175,2.6982083707874924,1.2709993822328134
12.650000000000045,-0.3732323707874915,0.34447661776720495,2.324976000000001,1.6309760000000189,6.0,6.0,27.618062814006926,19.385119683348435,2.6982083707874924,1.286499382232814
12.700000000000045,-0.3899774370867694,0.3592527883743175,2.324976000000001,1.6464760000000178,6.0,6.0,28.318205545006652,15.932111277618876,2.7149534370867703,1.2872232116257003
12.750000000000046,-0.3899774370867694,0.3592527883743175,2.324976000000001,1.6619760000000168,6.0,6.0,27.973514316497443,17.999842245072525,2.7149534370867703,1.3027232116256993
12.800000000000047,-0.40748132788124447,0.36926477197138363,2.324976000000001,1.6774760000000166,6.0,6.0,28.81420015805255,12.660395310509655,2.7324573278812454,1.3082112280286329
12.850000000000048,-0.40748132788124447,0.36926477197138363,2.324976000000001,1.692976000000018,6.0,6.0,28.447520301711,14.325489778957778,2.7324573278812454,1.3237112280286345
12.900000000000048,-0.40748132788124447,0.36926477197138363,2.324976000000001,1.70847600000002,6.0,6.0,28.53761276413506,14.669432275364091,2.7324573278812454,1.3392112280286366
12.950000000000049,-0.461896307524604,0.36555865166725904,2.324976000000001,1.7239760000000217,6.0,6.0,30.66072211368108,11.217522939244091,2.7868723075246047,1.3584173483327626
13.00000000000005,-0.461896307524604,0.36555865166725904,2.324976000000001,1.739476000000022,6.0,6.0,29.139153503796553,12.406236229895432,2.7868723075246047,1.373917348332763
13.05000000000005,-0.5439036895338859,0.3078757354040492,2.324976000000001,1.7549760000000212,6.0,6.0,32.558377713193806,16.646500419930742,2.8688796895338866,1.447100264595972
13.100000000000051,-0.5439036895338859,0.3078757354040492,2.324976000000001,1.77047600000002,6.0,6.0,29.865742812491973,13.243112969524457,2.8688796895338866,1.4626002645959706
13.150000000000052,-0.5715111623608206,0.30685158277611624,2.324976000000001,1.7859760000000184,6.0,6.0,30.98114872032877,11.418631243274914,2.8964871623608213,1.4791244172239022
13.200000000000053,-0.5715111623608206,0.30685158277611624,2.324976000000001,1.8014760000000174,6.0,6.0,30.270249246360557,12.327340264256737,2.8964871623608213,1.4946244172239012
13.250000000000053,-0.5715111623608206,0.30685158277611624,2.324976000000001,1.8169760000000172,6.0,6.0,30.37035405376658,12.666494709341894,2.8964871623608213,1.510124417223901
13.300000000000054,-0.6957082100868425,0.20850425273857293,2.324976000000001,1.8324760000000182,6.0,6.0,35.23142660597239,26.814802350508547,3.020684210086843,1.6239717472614452
13.350000000000055,-0.6957082100868425,0.20850425273857293,2.324976000000001,1.84797600000002,6.0,6.0,31.10566860564577,19.919143582310486,3.020684210086843,1.639471747261447
13.400000000000055,-0.6957082100868425,0.20850425273857293,2.324976000000001,1.8634760000000217,6.0,6.0,31.20414752624043,20.284876440715276,3.020684210086843,1.6549717472614487
13.450000000000056,-0.7430570788866842,0.20526177678085908,2.324976000000001,1.8789760000000224,6.0,6.0,33.24993432921297,14.000997701650949,3.068033078886685,1.6737142232191633
13.500000000000057,-0.7430570788866842,0.20526177678085908,2.324976000000001,1.8944760000000216,6.0,6.0,31.954544848223744,15.196282474101823,3.068033078886685,1.6892142232191625
13.550000000000058,-0.7430570788866842,0.20526177678085908,2.324976000000001,1.9099760000000205,6.0,6.0,32.06024198386707,15.546858521736402,3.068033078886685,1.7047142232191614
13.600000000000058,-0.7430570788866842,0.20526177678085908,2.324976000000001,1.9254760000000202,6.0,6.0,32.16603407947511,15.89868685108912,3.068033078886685,1.720214223219161
13.650000000000059,-0.7430570788866842,0.20526177678085908,2.324976000000001,1.9409760000000214,6.0,6.0,32.27192113504784,16.25176746215994,3.068033078886685,1.7357142232191622
13.70000000000006,-0.8825127249045474,0.252112985430243,2.324976000000001,1.9564760000000232,6.0,6.0,36.70786301797878,10.23957043254247,3.207488724904548,1.7043630145697801
13.75000000000006,-0.8825127249045474,0.252112985430243,2.324976000000001,1.971976000000025,6.0,6.0,33.04423904477066,18.245759028210376,3.207488724904548,1.719863014569782
13.800000000000061,-0.9249722478907736,0.30650672946295726,2.324976000000001,1.9874760000000256,6.0,6.0,34.334457125001336,4.454825858048034,3.2499482478907744,1.6809692705370682
13.850000000000062,-0.9249722478907736,0.30650672946295726,2.324976000000001,2.002976000000025,6.0,6.0,33.678145162112216,11.193724553435587,3.2499482478907744,1.6964692705370679
13.900000000000063,-0.9249722478907736,0.30650672946295726,2.324976000000001,2.0184760000000237,6.0,6.0,33.79179292592459,11.528424149995569,3.2499482478907744,1.7119692705370664
13.950000000000063,-1.0011843326682712,0.348524296083569,2.324976000000001,2.0339760000000227,-6.0,1.7152919434665863,36.11588498391729,-1.0663594969611714,3.3261603326682723,1.6854517039164536
14.000000000000064,-1.0011843326682712,0.348524296083569,2.324976000000001,2.049476000000021,6.0,6.0,34.47864220016299,5.683902228556665,3.3261603326682723,1.7009517039164521
14.050000000000065,-1.0826188183010754,0.4294015084156794,2.324976000000001,2.064976000000021,-6.0,-6.0,36.2748263067007,-12.123722808135367,3.4075948183010762,1.6355744915843415
14.100000000000065,-1.0826188183010754,0.4294015084156794,2.324976000000001,2.0804760000000213,-6.0,0.9246205673449324,35.02460733457521,-1.315602037895988,3.4075948183010762,1.6510744915843418
14.150000000000066,-1.0826188183010754,0.4294015084156794,2.324976000000001,2.095976000000023,-6.0,1.6977054555663726,35.1505962089311,-1.0270929792571484,3.4075948183010762,1.6665744915843435
14.200000000000067,-1.160134654657674,0.3558086925993935,2.324976000000001,2.111476000000025,4.457036362140261,6.0,38.80428810509218,3.545741857248299,3.485110654657675,1.7556673074006315
14.250000000000068,-1.160134654657674,0.3558086925993935,2.324976000000001,2.1269760000000257,-4.7836018285383,4.204800031108885,35.95360743858874,-0.11024796141512676,3.485110654657675,1.7711673074006322
14.300000000000068,-1.160134654657674,0.3558086925993935,2.324976000000001,2.1424760000000256,-4.028021986903821,4.992678069936686,36.08280022736203,0.18374401581578392,3.485110654657675,1.786667307400632
14.350000000000069,-1.1485158566282956,0.4951293297019294,2.324976000000001,2.1579760000000245,-6.0,-6.0,33.909875734077154,-16.260850156846207,3.4734918566282964,1.662846670298095
14.40000000000007,-1.1485158566282956,0.4951293297019294,2.324976000000001,2.173476000000024,-6.0,-4.927195259143921,35.98104313509611,-3.5904097718213084,3.4734918566282964,1.6783466702980945
14.45000000000007,-1.1464195617301642,0.5701154859940861,2.324976000000001,2.188976000000025,-6.0,-6.0,34.74186913780806,-18.358667592754774,3.471395561730165,1.6188605140059389
14.500000000000071,-1.1464195617301642,0.5701154859940861,2.324976000000001,2.2044760000000267,-6.0,-6.0,35.92653833721167,-11.476418542463307,3.471395561730165,1.6343605140059405
14.550000000000072,-1.1464195617301642,0.5701154859940861,2.324976000000001,2.2199760000000284,-6.0,-6.0,36.060309986224084,-11.2261269203281,3.471395561730165,1.6498605140059421
14.600000000000072,-1.125286846204724,0.6285585763068171,2.324976000000001,2.235476000000029,-6.0,-6.0,34.22953671956134,-23.323105364189555,3.450262846204725,1.606917423693212
14.650000000000073,-1.125286846204724,0.6285585763068171,2.324976000000001,2.2509760000000285,-6.0,-6.0,35.78972778396176,-19.086262590717595,3.450262846204725,1.6224174236932114
14.700000000000074,-1.125286846204724,0.6285585763068171,2.324976000000001,2.2664760000000275,-6.0,-6.0,35.92736485596449,-18.86459839459828,3.450262846204725,1.6379174236932104
14.750000000000075,-1.1271470158045402,0.6507153699649246,2.324976000000001,2.281976000000026,-6.0,-6.0,35.095655943685166,-30.689022290072028,3.452123015804541,1.6312606300351014
14.800000000000075,-1.1271470158045402,0.6507153699649246,2.324976000000001,2.297476000000025,-6.0,-6.0,35.5694073417772,-28.57461387514802,3.452123015804541,1.6467606300351003
14.850000000000076,-1.106616290660088,0.637430765249269,2.324976000000001,2.3129760000000243,-6.0,-6.0,35.353029581842286,-26.113360980382602,3.431592290660089,1.6755452347507553
14.900000000000077,-1.106616290660088,0.637430765249269,2.324976000000001,2.3284760000000246,-6.0,-6.0,35.77521604451467,-28.188625933505158,3.431592290660089,1.6910452347507556
14.950000000000077,-1.106616290660088,0.637430765249269,2.324976000000001,2.3439760000000263,-6.0,-6.0,35.91860600838028,-28.001213546404394,3.431592290660089,1.7065452347507573
15.000000000000078,-1.0885016857112855,0.5883008319821499,2.324976000000001,2.3594760000000283,-6.0,-6.0,36.81541451996093,-15.538509415044865,3.4134776857112863,1.7711751680178784
15.050000000000079,-1.0885016857112855,0.5883008319821499,2.324976000000001,2.3749760000000295,-6.0,-6.0,36.64154218702245,-20.45041306743477,3.4134776857112863,1.7866751680178796
15.10000000000008,-1.0885016857112855,0.5883008319821499,2.324976000000001,2.390476000000029,-6.0,-6.0,36.78273608914924,-20.231174310335867,3.4134776857112863,1.802175168017879
15.15000000000008,-1.095565686508878,0.49176411471517184,2.324976000000001,2.405976000000028,-6.0,-6.0,38.957469421181784,-10.207512058324612,3.420541686508879,1.914211885284856
15.200000000000081,-1.095565686508878,0.49176411471517184,2.324976000000001,2.4214760000000273,-6.0,-6.0,37.40349791114494,-17.832877688387313,3.420541686508879,1.9297118852848554
15.250000000000082,-1.1462026367164941,0.5397841875912327,2.324976000000001,2.436976000000028,-6.0,-6.0,37.8577360144002,-30.529252491808602,3.4711786367164947,1.8971918124087952
15.300000000000082,-1.1462026367164941,0.5397841875912327,2.324976000000001,2.45247600000003,-6.0,-6.0,37.54302513421967,-23.514221661982216,3.4711786367164947,1.9126918124087973
15.350000000000083,-1.1462026367164941,0.5397841875912327,2.324976000000001,2.4679760000000317,-6.0,-6.0,37.68938102022854,-23.305500350531176,3.4711786367164947,1.9281918124087989
15.400000000000084,-1.1644619576129718,0.41367066869622293,2.324976000000001,2.4834760000000324,-6.0,-6.0,40.776104982599016,-14.974077385142264,3.4894379576129726,2.0698053313038094
15.450000000000085,-1.1644619576129718,0.41367066869622293,2.324976000000001,2.4989760000000323,-6.0,-6.0,38.302743176844615,-24.03440917281283,3.4894379576129726,2.0853053313038092
15.500000000000085,-1.0360657768473878,0.3690374397266327,2.324976000000001,2.5144760000000312,-6.0,-6.0,35.46680866842717,-15.727227813794693,3.3610417768473884,2.1454385602733987
15.550000000000086,-1.0360657768473878,0.3690374397266327,2.324976000000001,2.5299760000000298,-6.0,-6.0,37.85881699742054,-26.887191713500965,3.3610417768473884,2.1609385602733973
15.600000000000087,-1.0360657768473878,0.3690374397266327,2.324976000000001,2.5454760000000287,-6.0,-6.0,38.01050337599334,-26.68839523566895,3.3610417768473884,2.1764385602733958
15.650000000000087,-1.0086487630673713,0.3221890862498007,2.324976000000001,2.5609760000000277,-6.0,-6.0,38.49311274624178,-18.09546733228684,3.3336247630673723,2.2387869137502268
15.700000000000088,-1.0086487630673713,0.3221890862498007,2.324976000000001,2.576476000000028,-6.0,-6.0,38.46673938740744,-23.27788499870814,3.3336247630673723,2.254286913750227
15.750000000000089,-1.0086487630673713,0.3221890862498007,2.324976000000001,2.5919760000000296,-6.0,-6.0,38.61831040629331,-23.063554720398887,3.3336247630673723,2.269786913750229
15.80000000000009,-0.9708639159600577,0.276482692198755,2.324976000000001,2.6074760000000317,-6.0,-6.0,38.818965523044035,-10.700183297194334,3.2958399159600584,2.330993307801277
15.85000000000009,-0.9708639159600577,0.276482692198755,2.324976000000001,2.622976000000033,-6.0,-6.0,39.13112184325373,-16.364189428256875,3.2958399159600584,2.346493307801278
15.900000000000091,-0.9708639159600577,0.276482692198755,2.324976000000001,2.6384760000000327,-6.0,-6.0,39.28053686808025,-16.121823943419116,3.2958399159600584,2.361993307801278
15.950000000000092,-0.8703477884621466,0.2317204695460241,2.324976000000001,2.6539760000000316,-6.0,-6.0,37.38236815639322,-4.378749384554736,3.1953237884621473,2.4222555304540077
16.000000000000092,-0.8703477884621466,0.2317204695460241,2.324976000000001,2.669476000000031,-6.0,-6.0,39.27291323780065,-13.47035811147656,3.1953237884621473,2.437755530454007
16.050000000000093,-0.7780231435693719,0.2108001819836032,2.324976000000001,2.6849760000000313,-6.0,-6.0,37.089651510705295,-7.299423609387986,3.102999143569373,2.474175818016428
16.100000000000094,-0.7780231435693719,0.2108001819836032,2.324976000000001,2.700476000000033,-6.0,-6.0,39.1400231885126,-14.076580442052967,3.102999143569373,2.48967581801643
16.150000000000095,-0.7780231435693719,0.2108001819836032,2.324976000000001,2.715976000000035,-6.0,-6.0,39.2886384955033,-13.82272826656572,3.102999143569373,2.505175818016432
16.200000000000095,-0.6916068361392508,0.20175861651000887,2.324976000000001,2.731476000000036,-6.0,-6.0,37.13687658088954,-5.193218525179468,3.0165828361392517,2.5297173834900275
16.250000000000096,-0.6916068361392508,0.20175861651000887,2.324976000000001,2.746976000000036,-6.0,-6.0,39.26780201862764,-10.559617068567084,3.0165828361392517,2.5452173834900274
16.300000000000097,-0.6916068361392508,0.20175861651000887,2.324976000000001,2.7624760000000355,-6.0,-6.0,39.4144223389252,-10.291480381278017,3.0165828361392517,2.5607173834900268
16.350000000000097,-0.6320223287070761,0.25308408380363895,2.324976000000001,2.777976000000034,-6.0,-5.865179244865244,36.91381963724196,-3.9921549331506623,2.956998328707077,2.524891916196395
16.400000000000098,-0.6320223287070761,0.25308408380363895,2.324976000000001,2.793476000000033,-6.0,-1.3404113245030551,39.380383773311465,-2.3858892556826623,2.956998328707077,2.540391916196394
16.4500000000001,-0.6320223287070761,0.25308408380363895,2.324976000000001,2.808976000000032,-6.0,-0.5407281820474443,39.52081138512511,-2.087935087690698,2.956998328707077,2.555891916196393
16.5000000000001,-0.5311194704394957,0.3011797846804124,2.324976000000001,2.824476000000032,-6.0,-2.278738997445945,35.70190343617776,-2.568181686464063,2.8560954704394965,2.5232962153196197
16.5500000000001,-0.5311194704394957,0.3011797846804124,2.324976000000001,2.8399760000000334,-6.0,-4.487380657218903,39.1721472014479,-3.5748186885332918,2.8560954704394965,2.538796215319621
16.6000000000001,-0.4528004377848826,0.29144265564211846,2.324976000000001,2.855476000000035,6.0,6.0,37.053018175327715,8.902504289757006,2.7777764377848833,2.5640333443579166
16.6500000000001,-0.4528004377848826,0.29144265564211846,2.324976000000001,2.870976000000036,6.0,6.0,39.09387550910662,4.547676066676858,2.7777764377848833,2.579533344357918
16.700000000000102,-0.4528004377848826,0.29144265564211846,2.324976000000001,2.886476000000036,6.0,6.0,39.22783175708462,4.871129923180902,2.7777764377848833,2.5950333443579177
16.750000000000103,-0.4528004377848826,0.29144265564211846,2.324976000000001,2.901976000000035,6.0,6.0,39.361977386224844,5.195710678208523,2.7777764377848833,2.6105333443579166
16.800000000000104,-0.4230559226896257,0.2513490226534585,2.324976000000001,2.9174760000000344,6.0,6.0,38.67402432914527,25.420968052825273,2.7480319226896266,2.666126977346576
16.850000000000104,-0.4230559226896257,0.2513490226534585,2.324976000000001,2.932976000000035,6.0,6.0,39.14649879814348,20.94393123223595,2.7480319226896266,2.6816269773465766
16.900000000000105,-0.4247363598057442,0.22441087548325106,2.324976000000001,2.9484760000000367,6.0,6.0,38.88628493224755,35.98201595201298,2.749712359805745,2.7240651245167857
16.950000000000106,-0.4247363598057442,0.22441087548325106,2.324976000000001,2.963976000000039,6.0,6.0,38.702453394540896,33.887610114425826,2.749712359805745,2.739565124516788
17.000000000000107,-0.4247363598057442,0.22441087548325106,2.324976000000001,2.97947600000004,6.0,6.0,38.8152681100411,34.30598569328335,2.749712359805745,2.755065124516789
17.050000000000107,-0.4201920509541771,0.22485022742099742,2.324976000000001,2.99497600000004,6.0,6.0,38.45441410602433,38.52978266367372,2.745168050954178,2.7701257725790422
17.100000000000108,-0.4201920509541771,0.22485022742099742,2.324976000000001,3.010476000000039,6.0,6.0,38.69825350301536,38.876164769455656,2.745168050954178,2.785625772579041
17.15000000000011,-0.4283948666425962,0.2410346672368203,2.324976000000001,3.0259760000000373,6.0,6.0,39.138385656146234,34.635898468684346,2.753370866642597,2.784941332763217
17.20000000000011,-0.4283948666425962,0.2410346672368203,2.324976000000001,3.041476000000036,6.0,6.0,39.160854636677556,36.85082264679079,2.753370866642597,2.8004413327632154
17.25000000000011,-0.4283948666425962,0.2410346672368203,2.324976000000001,3.0569760000000348,6.0,6.0,39.27308138078383,37.27730412727302,2.753370866642597,2.8159413327632143
17.30000000000011,-0.45523556835362256,0.23998965756038182,2.324976000000001,3.072476000000035,6.0,6.0,40.501773821563305,34.412055716410194,2.7802115683536233,2.8324863424396534
17.35000000000011,-0.45523556835362256,0.23998965756038182,2.324976000000001,3.0879760000000362,6.0,6.0,39.84343691825164,35.58356972407393,2.7802115683536233,2.8479863424396545
17.400000000000112,-0.45523556835362256,0.23998965756038182,2.324976000000001,3.1034760000000383,6.0,6.0,39.95899494908085,36.00619670754731,2.7802115683536233,2.8634863424396566
17.450000000000113,-0.5284519452335931,0.22820527832262383,2.324976000000001,3.11897600000004,6.0,6.0,42.51033300427093,37.163759363206864,2.853427945233594,2.8907707216774163
17.500000000000114,-0.5284519452335931,0.22820527832262383,2.324976000000001,3.1344760000000402,6.0,6.0,40.42531696134812,38.68129920586702,2.853427945233594,2.9062707216774166
17.550000000000114,-0.5284519452335931,0.22820527832262383,2.324976000000001,3.1499760000000387,6.0,6.0,40.54112395307663,39.1125067849188,2.853427945233594,2.921770721677415
17.600000000000115,-0.5289381153840005,0.15664166878362268,2.324976000000001,3.1654760000000377,6.0,6.0,41.33198124752052,48.65014224188213,2.8539141153840015,3.008834331216415
17.650000000000116,-0.5289381153840005,0.15664166878362268,2.324976000000001,3.1809760000000376,6.0,6.0,40.80081901868289,42.2683251788601,2.8539141153840015,3.024334331216415
17.700000000000117,-0.5289381153840005,0.15664166878362268,2.324976000000001,3.196476000000039,6.0,6.0,40.91652546259928,42.71183093179884,2.8539141153840015,3.0398343312164164
17.750000000000117,-0.637400326811275,0.17527598211520173,2.324976000000001,3.2119760000000412,6.0,6.0,44.573968939738634,36.52684948842499,2.9623763268112757,3.0367000178848396
17.800000000000118,-0.637400326811275,0.17527598211520173,2.324976000000001,3.227476000000043,6.0,6.0,41.755918084943836,41.99290982016239,2.9623763268112757,3.052200017884841
17.85000000000012,-0.7655400383029723,0.13725789280267664,2.324976000000001,3.242976000000043,6.0,6.0,46.58426513606988,42.655169170655846,3.0905160383029733,3.1057181071973665
17.90000000000012,-0.7655400383029723,0.13725789280267664,2.324976000000001,3.2584760000000426,6.0,6.0,42.696985123321056,43.26840705153812,3.0905160383029733,3.121218107197366
17.95000000000012,-0.7655400383029723,0.13725789280267664,2.324976000000001,3.2739760000000415,6.0,6.0,42.81931482128608,43.71303173214714,3.0905160383029733,3.136718107197365
18.00000000000012,-0.8123908478459514,0.12594408392954726,2.324976000000001,3.28947600000004,6.0,6.0,44.95684013607874,40.159209466381434,3.137366847845952,3.1635319160704927
18.05000000000012,-0.8123908478459514,0.12594408392954726,2.324976000000001,3.304976000000039,6.0,6.0,43.643560679546574,41.02190101408391,3.137366847845952,3.1790319160704916
18.100000000000122,-0.8123908478459514,0.12594408392954726,2.324976000000001,3.320476000000039,6.0,6.0,43.77067099239837,41.45979101450205,3.137366847845952,3.1945319160704915
18.150000000000123,-0.8738664498436364,0.1504854456423999,2.324976000000001,3.33597600000004,6.0,6.0,45.99622852035843,32.279629527947144,3.198842449843637,3.18549055435764
18.200000000000124,-0.8738664498436364,0.1504854456423999,2.324976000000001,3.3514760000000416,6.0,6.0,44.655522084933494,37.14216265620549,3.198842449843637,3.2009905543576416
18.250000000000124,-0.8738664498436364,0.1504854456423999,2.324976000000001,3.366976000000043,6.0,6.0,44.78810871219003,37.56721353651177,3.198842449843637,3.2164905543576428
18.300000000000125,-1.0388874940550614,0.2150212469990438,2.324976000000001,3.382476000000043,6.0,6.0,49.51279363248406,26.378349713271348,3.363863494055062,3.1674547530009995
18.350000000000126,-1.0388874940550614,0.2150212469990438,2.324976000000001,3.3979760000000425,6.0,6.0,45.62892272010721,38.40262106012379,3.363863494055062,3.182954753000999
18.400000000000126,-1.0916151754472576,0.27198353816943577,2.324976000000001,3.4134760000000415,6.0,6.0,47.31001270524012,21.071683899343057,3.4165911754472584,3.1414924618306057
18.450000000000127,-1.0916151754472576,0.27198353816943577,2.324976000000001,3.4289760000000418,6.0,6.0,46.66174939070091,28.76533686592217,3.4165911754472584,3.156992461830606
18.500000000000128,-1.0916151754472576,0.27198353816943577,2.324976000000001,3.4444760000000434,6.0,6.0,46.80453744631779,29.159573259924723,3.4165911754472584,3.1724924618306076
18.55000000000013,-1.1769392267877485,0.3345760992510574,2.324976000000001,3.4599760000000455,6.0,6.0,49.046835099756485,12.786931196684426,3.5019152267877494,3.125399900748988
18.60000000000013,-1.1769392267877485,0.3345760992510574,2.324976000000001,3.4754760000000466,6.0,6.0,47.67119638218679,22.440476537566283,3.5019152267877494,3.1408999007489893
18.65000000000013,-1.213555230142005,0.34005617638715374,2.324976000000001,3.490976000000047,6.0,6.0,48.92443760845185,20.166089260208228,3.5385312301420058,3.150919823612893
18.70000000000013,-1.213555230142005,0.34005617638715374,2.324976000000001,3.506476000000046,6.0,6.0,48.1495380129393,22.58771051949413,3.5385312301420058,3.166419823612892
18.75000000000013,-1.213555230142005,0.34005617638715374,2.324976000000001,3.521976000000045,6.0,6.0,48.299594472008,22.95989909899574,3.5385312301420058,3.181919823612891
18.800000000000132,-1.213555230142005,0.34005617638715374,2.324976000000001,3.537476000000043,6.0,6.0,48.449815432946444,23.333257176893326,3.5385312301420058,3.197419823612889
18.850000000000133,-1.3394338060203992,0.40171798116868207,2.324976000000001,3.552976000000042,6.0,6.0,51.72951117670885,10.200953050347602,3.6644098060204,3.15125801883136
18.900000000000134,-1.3394338060203992,0.40171798116868207,2.324976000000001,3.5684760000000417,6.0,6.0,49.259544597534195,21.52149577319529,3.6644098060204,3.1667580188313598
18.950000000000134,-1.3151782717688163,0.5504651676350154,2.324976000000001,3.583976000000043,6.0,6.0,46.404721575955875,4.573082652176908,3.640154271768817,3.0335108323650273
19.000000000000135,-1.3151782717688163,0.5504651676350154,2.324976000000001,3.599476000000045,6.0,6.0,49.185998306089665,17.184843855962324,3.640154271768817,3.0490108323650293
19.050000000000136,-1.3151782717688163,0.5504651676350154,2.324976000000001,3.6149760000000466,6.0,6.0,49.33926100820084,17.534316516902393,3.640154271768817,3.0645108323650314
19.100000000000136,-1.2911156882106687,0.7004420639906737,2.324976000000001,3.6304760000000473,-6.0,0.7888816945214563,46.37383434311046,-1.9077514660447052,3.6160916882106697,2.930033936009374
19.150000000000137,-1.2911156882106687,0.7004420639906737,2.324976000000001,3.6459760000000467,6.0,6.0,49.28968624060644,10.500305535106918,3.6160916882106697,2.9455339360093733
19.200000000000138,-1.2911156882106687,0.7004420639906737,2.324976000000001,3.6614760000000453,6.0,6.0,49.444591295893204,10.825980802243025,3.6160916882106697,2.961033936009372
19.25000000000014,-1.4242363782227903,0.8621665366749408,2.324976000000001,3.676976000000045,-6.0,-6.0,50.99854974936377,-15.411065059688802,3.749212378222791,2.8148094633251044
19.30000000000014,-1.4242363782227903,0.8621665366749408,2.324976000000001,3.6924760000000467,6.0,6.0,50.00830443737344,5.487110935032505,3.749212378222791,2.830309463325106
19.35000000000014,-1.4242363782227903,0.8621665366749408,2.324976000000001,3.707976000000049,6.0,6.0,50.16600081432066,5.792191864810069,3.749212378222791,2.845809463325108
19.40000000000014,-1.532406348692675,0.9581529398279733,2.324976000000001,3.7234760000000504,-6.0,-6.0,52.096350751344616,-5.69636323240674,3.857382348692676,2.765323060172077
19.45000000000014,-1.532406348692675,0.9581529398279733,2.324976000000001,3.738976000000051,6.0,6.0,50.704484051410915,8.121560872679606,3.857382348692676,2.780823060172078
19.500000000000142,-1.6235870743299987,1.0099733450274917,2.324976000000001,3.75447600000005,-6.0,-6.0,52.859705557775115,-5.793966265933392,3.9485630743299995,2.7445026549725586
19.550000000000143,-1.6235870743299987,1.0099733450274917,2.324976000000001,3.769976000000049,2.5721820757567944,6.0,51.36917283741063,3.4260299734983324,3.9485630743299995,2.760002654972557
19.600000000000144,-1.6235870743299987,1.0099733450274917,2.324976000000001,3.7854760000000476,3.3233061520022424,6.0,51.53007142855425,3.7198343164081997,3.9485630743299995,2.7755026549725557
19.650000000000144,-1.513784433746544,0.9658878861749268,2.324976000000001,3.8009760000000465,6.0,6.0,49.13049579847978,10.186450738528604,3.838760433746545,2.83508811382512
19.700000000000145,-1.513784433746544,0.9658878861749268,2.324976000000001,3.816476000000046,-3.491667506866779,6.0,51.466098777567396,1.120607558220627,3.838760433746545,2.8505881138251192
19.750000000000146,-1.513784433746544,0.9658878861749268,2.324976000000001,3.8319760000000467,-2.7518366443355653,6.0,51.62821691465806,1.410167798093978,3.838760433746545,2.86608811382512
19.800000000000146,-1.5643932970095236,1.0273926775028948,2.324976000000001,3.847476000000048,-6.0,-6.0,52.18198123284293,-11.052036695105118,3.8893692970095244,2.820083322497153
19.850000000000147,-1.5643932970095236,1.0273926775028948,2.324976000000001,3.8629760000000495,-6.0,-1.082163674656619,52.015869284923276,-2.889198984865535,3.8893692970095244,2.835583322497155
19.900000000000148,-1.5643932970095236,1.0273926775028948,2.324976000000001,3.87847600000005,-6.0,-0.3382444725799427,52.18055517810658,-2.6136433789879105,3.8893692970095244,2.8510833224971552
19.95000000000015,-1.7109066417537,1.110394870924725,2.324976000000001,3.89397600000005,-6.0,-6.0,55.10785659799578,-23.601341277132427,4.035882641753701,2.783581129075325
20.00000000000015,-1.7109066417537,1.110394870924725,2.324976000000001,3.9094760000000495,-6.0,-6.0,52.92198929682056,-8.449400919996073,4.035882641753701,2.7990811290753244
