t,x_actual,y_actual,x_deseada,y_deseada,Ref_Izq,Ref_Der,Vel_Lineal,Vel_Angular,error_x,error_y
0.05,0.3,0.0,0.0249760000000037,0.0249760000000037,9.0,9.0,-9.4602275999999,2.957574666667105,-0.27502399999999627,0.0249760000000037
0.1,0.3,0.0,0.04047600000000212,0.0249760000000037,4.2961152125001885,4.129678787500172,-0.6657457000000644,0.4620560000000685,-0.25952399999999787,0.0249760000000037
0.15000000000000002,0.0001332704211459701,-0.005543894641012169,0.05597600000000099,0.0249760000000037,4.795759341079958,7.312192420958031,10.065732319512287,1.1634193832453312,0.05584272957885502,0.03051989464101587
0.2,0.0001332704211459701,-0.005543894641012169,0.07147600000000078,0.0249760000000037,4.361339080976633,4.650584677796413,1.1569823872791205,0.5736997635758182,0.0713427295788548,0.03051989464101587
0.25,0.0001332704211459701,-0.005543894641012169,0.08697600000000182,0.0249760000000037,4.358063369326645,4.669163972157051,1.2444024113216232,0.57661473171118,0.08684272957885585,0.03051989464101587
0.3,0.00043468105678340363,-0.006517548471908212,0.10247600000000352,0.0249760000000037,4.6570360095158945,4.987407691935904,1.321486729680038,0.6941797526574854,0.10204131894322012,0.03149354847191191
0.35,0.00043468105678340363,-0.006517548471908212,0.11797600000000488,0.0249760000000037,4.397151972098372,4.751839441550709,1.4187498778093512,0.5998078883141106,0.11754131894322148,0.03149354847191191
0.39999999999999997,0.006780411927855556,-0.0013364455816904425,0.1334760000000049,0.0249760000000037,-3.2740798858521156,-2.9535695591000386,1.2820413070083074,-0.04336179903850557,0.12669558807214934,0.02631244558169414
0.44999999999999996,0.006780411927855556,-0.0013364455816904425,0.14897600000000377,0.0249760000000037,4.041304337051596,4.431852936618557,1.5621943982678452,0.471077575937172,0.14219558807214822,0.02631244558169414
0.49999999999999994,0.006780411927855556,-0.0013364455816904425,0.16447600000000256,0.0249760000000037,4.031001867809472,4.443849158101331,1.6513891611674383,0.4714001954115815,0.157695588072147,0.02631244558169414
0.5499999999999999,0.008791825274956977,0.02426865285198111,0.1799760000000024,0.0249760000000037,-9.0,-9.0,1.6135285766715597,-2.8944630943907073,0.17118417472504543,0.0007073471480225912
0.6,0.008791825274956977,0.02426865285198111,0.19547600000000367,0.0249760000000037,-4.2077808750586865,-3.7539242034678253,1.8154266863634472,-0.37365811019552614,0.1866841747250467,0.0007073471480225912
0.65,0.008791825274956977,0.02426865285198111,0.21097600000000544,0.0249760000000037,-4.2723603002838315,-3.795978930302173,1.9055254799266357,-0.393969377254477,0.20218417472504846,0.0007073471480225912
0.7000000000000001,0.0033214330832650463,0.05130012717174381,0.22647600000000667,0.0249760000000037,-9.0,-9.0,2.029939966230746,-4.2095819378651465,0.22315456691674163,-0.026324127171740107
0.7500000000000001,0.0033214330832650463,0.05130012717174381,0.24197600000000663,0.0249760000000037,-7.203382362286472,-6.6840056552722515,2.0775068280568845,-1.5023596223921378,0.23865456691674158,-0.026324127171740107
0.8000000000000002,-0.0020214425448921713,0.0647829561517001,0.2574760000000056,0.0249760000000037,-9.0,-9.0,2.2334168358951154,-3.601642510937151,0.25949744254489776,-0.039806956151696396
0.8500000000000002,-0.0020214425448921713,0.0647829561517001,0.27297600000000405,0.0249760000000037,-9.0,-8.59472853953525,2.2462047047620404,-2.2382872867163828,0.2749974425448962,-0.039806956151696396
0.9000000000000002,-0.0020214425448921713,0.0647829561517001,0.2884760000000024,0.0249760000000037,-9.0,-8.751665749733146,2.336702250917483,-2.3023822975610786,0.29049744254489457,-0.039806956151696396
0.9500000000000003,-0.02212567938498522,0.050876042552005916,0.3039760000000012,0.0249760000000037,-6.516054909144168,-5.709446178414083,3.2264349229203426,-1.1858097309634765,0.3261016793849864,-0.025900042552002216
1.0000000000000002,-0.02212567938498522,0.050876042552005916,0.3194760000000008,0.0249760000000037,-9.0,-8.504200238966986,2.645710356522469,-2.2228243937265884,0.34160167938498603,-0.025900042552002216
1.0500000000000003,-0.02212567938498522,0.050876042552005916,0.33497600000000166,0.0249760000000037,-9.0,-8.658092494098522,2.7379730372194353,-2.285843475714648,0.3571016793849869,-0.025900042552002216
1.1000000000000003,-0.025521635832890355,0.02122391618007699,0.35047600000000345,0.0249760000000037,7.117089395707379,7.898562924764369,3.125894116227964,1.7172671086612854,0.3759976358328938,0.0037520838199267097
1.1500000000000004,-0.025521635832890355,0.02122391618007699,0.36597600000000496,0.0249760000000037,-6.578959929328798,-5.827655267761687,3.005218646268449,-1.2203076565886637,0.3914976358328953,0.0037520838199267097
1.2000000000000004,-0.025521635832890355,0.02122391618007699,0.38147600000000526,0.0249760000000037,-6.696889305397153,-5.9219217761624225,3.0998701169389222,-1.260725920297062,0.4069976358328956,0.0037520838199267097
1.2500000000000004,0.0010611093398621985,-0.007035388625364496,0.39697600000000416,0.0249760000000037,9.0,9.0,2.318144709977414,3.0744228220271683,0.39591489066014196,0.032011388625368196
1.3000000000000005,0.0010611093398621985,-0.007035388625364496,0.4124760000000029,0.0249760000000037,-3.081694661679532,3.711330639809807,3.172101205957358,0.11993066250100476,0.4114148906601407,0.032011388625368196
1.3500000000000005,0.0010611093398621985,-0.007035388625364496,0.4279760000000025,0.0249760000000037,-3.124491850413027,3.6924988373318035,3.2679627509793208,0.10819180703214792,0.4269148906601403,0.032011388625368196
1.4000000000000006,-0.04017871558096281,0.029228582640803066,0.44347600000000365,0.0249760000000037,-9.0,-9.0,4.798597292384951,-4.050976890475973,0.48365471558096645,-0.004252582640799366
1.4500000000000006,-0.04017871558096281,0.029228582640803066,0.4589760000000054,0.0249760000000037,-4.355652025674699,-3.4347254452497347,3.6837063216998587,-0.3410242801760827,0.4991547155809682,-0.004252582640799366
1.5000000000000007,-0.04017871558096281,0.029228582640803066,0.4744760000000068,0.0249760000000037,-4.388013893603803,-3.442564930889962,3.781795850855367,-0.34868168085595536,0.5146547155809695,-0.004252582640799366
1.5500000000000007,-0.004544015529944712,0.07039606755467834,0.4899760000000069,0.0249760000000037,-9.0,-9.0,2.6424822796099865,-4.78188163545755,0.4945200155299516,-0.045420067554674634
1.6000000000000008,-0.004544015529944712,0.07039606755467834,0.505476000000006,0.0249760000000037,-5.044069788440318,-4.09738642527515,3.7867334526606675,-0.5983726121362796,0.5100200155299508,-0.045420067554674634
1.6500000000000008,-0.004544015529944712,0.07039606755467834,0.5209760000000044,0.0249760000000037,-5.050538320015285,-4.07925688277556,3.885125748958903,-0.5961514671982562,0.5255200155299491,-0.045420067554674634
1.7000000000000008,0.007612439119239978,0.05979210351932162,0.5364760000000028,0.0249760000000037,6.379085119001548,7.259935747180238,3.52340251271476,1.4550515935584356,0.5288635608807628,-0.03481610351931792
1.7500000000000009,0.007612439119239978,0.05979210351932162,0.5519760000000016,0.0249760000000037,3.8934472470759482,4.896737662060361,4.013161659937651,0.5314637922164398,0.5443635608807615,-0.03481610351931792
1.800000000000001,-0.003333981383327189,0.042041234923425354,0.567476000000001,0.0249760000000037,9.0,9.0,4.38679440336185,3.6431468696360367,0.5708099813833282,-0.017065234923421654
1.850000000000001,-0.003333981383327189,0.042041234923425354,0.5829760000000017,0.0249760000000037,7.126846234536719,8.186625827730161,4.239118372773769,1.7739946785270249,0.5863099813833289,-0.017065234923421654
1.900000000000001,-0.003333981383327189,0.042041234923425354,0.5984760000000034,0.0249760000000037,7.239723039917616,8.324319845434918,4.338387222069207,1.8217224543528636,0.6018099813833306,-0.017065234923421654
1.950000000000001,0.02195228140696298,0.025261473116408556,0.613976000000005,0.0249760000000037,9.0,9.0,3.3811060849074326,4.203369470050311,0.5920237185930419,-0.00028547311640485587
2.000000000000001,0.02195228140696298,0.025261473116408556,0.6294760000000055,0.0249760000000037,9.0,9.0,4.328782515857011,3.185492803214664,0.6075237185930424,-0.00028547311640485587
2.0500000000000007,0.02195228140696298,0.025261473116408556,0.6449760000000044,0.0249760000000037,9.0,9.0,4.427215604498185,3.2582730896318925,0.6230237185930414,-0.00028547311640485587
2.1000000000000005,0.02847328275658334,0.0008034822749415083,0.6604760000000032,0.0249760000000037,9.0,9.0,3.9570994472895396,7.053684402260134,0.6320027172434198,0.024172517725062192
2.1500000000000004,0.02847328275658334,0.0008034822749415083,0.6759760000000026,0.0249760000000037,9.0,9.0,4.455896635697286,5.0071750120535405,0.6475027172434192,0.024172517725062192
2.2,0.004717722767671295,0.004623866863361803,0.6914760000000035,0.0249760000000037,9.0,9.0,5.39103673054161,5.593975158656894,0.6867582772323322,0.020352133136641897
2.25,0.004717722767671295,0.004623866863361803,0.7069760000000052,0.0249760000000037,9.0,9.0,4.774573458278425,5.354638935348941,0.7022582772323338,0.020352133136641897
2.3,0.004717722767671295,0.004623866863361803,0.7224760000000066,0.0249760000000037,9.0,9.0,4.872929674176703,5.458738589635535,0.7177582772323352,0.020352133136641897
2.3499999999999996,-0.04418453097884445,0.007301958738392747,0.7379760000000067,0.0249760000000037,9.0,9.0,6.739679260991284,6.05764809003743,0.7821605309788512,0.017674041261610953
2.3999999999999995,-0.04418453097884445,0.007301958738392747,0.7534760000000058,0.0249760000000037,9.0,9.0,5.403070362604569,5.146547931593907,0.7976605309788503,0.017674041261610953
2.4499999999999993,-0.04418453097884445,0.007301958738392747,0.7689760000000042,0.0249760000000037,9.0,9.0,5.504960668042687,5.238772833874761,0.8131605309788487,0.017674041261610953
2.499999999999999,0.024828678760049627,-0.0781446551410985,0.7844760000000025,0.0249760000000037,9.0,9.0,2.4410937180314547,13.02829816937019,0.7596473212399528,0.1031206551411022
2.549999999999999,0.024828678760049627,-0.0781446551410985,0.7999760000000011,0.0249760000000037,9.0,9.0,5.2101640146690515,6.685511841491098,0.7751473212399516,0.1031206551411022
2.5999999999999988,0.024828678760049627,-0.0781446551410985,0.8154760000000004,0.0249760000000037,9.0,9.0,5.31085068199323,6.78535838430136,0.7906473212399507,0.1031206551411022
2.6499999999999986,-0.05090375634175631,-0.15991029835540138,0.8309760000000009,0.0249760000000037,9.0,9.0,7.108435620979517,19.170331224261115,0.8818797563417573,0.18488629835540507
2.6999999999999984,-0.05090375634175631,-0.15991029835540138,0.8464760000000026,0.0249760000000037,9.0,9.0,5.7329510880442935,9.289603079810755,0.8973797563417589,0.18488629835540507
2.7499999999999982,-0.06405878232206097,-0.02295144975723422,0.8619760000000041,0.0249760000000037,-9.0,-9.0,7.582379163826462,-6.895281619393614,0.926034782322065,0.04792744975723792
2.799999999999998,-0.06405878232206097,-0.02295144975723422,0.8774760000000047,0.0249760000000037,9.0,9.0,6.319496529133225,6.176590611091301,0.9415347823220657,0.04792744975723792
2.849999999999998,-0.06405878232206097,-0.02295144975723422,0.8929760000000038,0.0249760000000037,9.0,9.0,6.425201026019589,6.267717231303483,0.9570347823220647,0.04792744975723792
2.8999999999999977,-0.007077541567276746,-0.07847821079611125,0.9084760000000024,0.0249760000000037,9.0,9.0,4.2134126428810506,10.614329335725088,0.9155535415672791,0.10345421079611496
2.9499999999999975,-0.007077541567276746,-0.07847821079611125,0.9239760000000016,0.0249760000000037,9.0,9.0,6.332170716767402,6.421551444818282,0.9310535415672783,0.10345421079611496
2.9999999999999973,-0.007077541567276746,-0.07847821079611125,0.9394760000000023,0.0249760000000037,9.0,9.0,6.438271918145351,6.503976395537396,0.946553541567279,0.10345421079611496
3.049999999999997,-0.1174135497080594,-0.09906763024738541,0.9549760000000039,0.0249760000000037,9.0,9.0,10.308160428781688,10.875508067829173,1.0723895497080633,0.12404363024738911
3.099999999999997,-0.1174135497080594,-0.09906763024738541,0.9704760000000054,0.0249760000000037,9.0,9.0,7.275769895473809,6.9213612958173725,1.087889549708065,0.12404363024738911
3.149999999999997,-0.1174135497080594,-0.09906763024738541,0.9859760000000058,0.024976000000003697,9.0,9.0,7.386156058378957,6.999973570097538,1.1033895497080652,0.1240436302473891
3.1999999999999966,-0.16966917933381037,0.05565409397788196,1.0014760000000051,0.024976000000003693,-9.0,-9.0,10.340694547893193,-9.596565757430886,1.1711451793338155,-0.030678093977878265
3.2499999999999964,-0.16966917933381037,0.05565409397788196,1.0169760000000037,0.024976000000003697,9.0,9.0,8.0409327533729,4.686056845432655,1.186645179333814,-0.03067809397787826
3.2999999999999963,-0.16966917933381037,0.05565409397788196,1.0324760000000017,0.024976000000003707,9.0,9.0,8.154322509976986,4.755840502003811,1.202145179333812,-0.03067809397787825
3.349999999999996,-0.2409194374974723,0.07286473321411185,1.0479760000000002,0.024976000000003717,9.0,9.0,10.89268767836145,3.7082757363481074,1.2888954374974726,-0.04788873321410814
3.399999999999996,-0.2409194374974723,0.07286473321411185,1.0634759999999994,0.024976000000003717,9.0,9.0,8.815029898372252,4.262714951484505,1.3043954374974718,-0.04788873321410814
3.4499999999999957,-0.2409194374974723,0.07286473321411185,1.0789759999999997,0.02497600000000369,9.0,9.0,8.931778204787145,4.325405599558724,1.319895437497472,-0.047888733214108165
3.4999999999999956,-0.3549916938649535,0.07931758747780901,1.0944760000000013,0.024976000000003638,9.0,9.0,13.024318737600268,7.18962287179336,1.4494676938649549,-0.054341587477805375
3.5499999999999954,-0.3549916938649535,0.07931758747780901,1.109976000000003,0.024976000000003624,9.0,9.0,9.751182980662774,5.64232864738712,1.4649676938649565,-0.05434158747780539
3.599999999999995,-0.3549916938649535,0.07931758747780901,1.1254760000000037,0.024976000000003704,9.0,9.0,9.871299055382325,5.718478765173201,1.4804676938649572,-0.054341587477805306
3.649999999999995,-0.46167018107013585,0.25417770862359534,1.1409760000000029,0.02497600000000389,-9.0,-9.0,15.014545882688482,-10.847548130752369,1.6026461810701387,-0.22920170862359146
3.699999999999995,-0.46167018107013585,0.25417770862359534,1.1564760000000014,0.024976000000004,9.0,9.0,10.860538958846282,3.930843098226027,1.6181461810701372,-0.22920170862359135
3.7499999999999947,-0.48921235664972984,0.39812141570506615,1.1719760000000006,0.024976000000003794,-9.0,-9.0,12.965873752892495,-13.065374566372427,1.6611883566497303,-0.3731454157050624
3.7999999999999945,-0.48921235664972984,0.39812141570506615,1.1874760000000018,0.02497600000000315,-2.9290579732784474,5.931770826550064,11.443315199314048,0.5719453053850699,1.6766883566497315,-0.373145415705063
3.8499999999999943,-0.48921235664972984,0.39812141570506615,1.2029760000000038,0.024976000000002607,-2.8082588175777703,6.084304499595016,11.570253268691145,0.6240087013366183,1.6921883566497335,-0.37314541570506354
3.899999999999994,-0.5461982949811085,0.6806126522376451,1.218476000000005,0.02497600000000303,-9.0,-9.0,14.284492082030601,-37.395003850983024,1.7646742949811136,-0.6556366522376421
3.949999999999994,-0.5461982949811085,0.6806126522376451,1.2339760000000033,0.02497600000000514,-9.0,-9.0,12.167602431893737,-9.59447597432651,1.7801742949811117,-0.65563665223764
3.999999999999994,-0.5461982949811085,0.6806126522376451,1.2494760000000005,0.024976000000007516,-9.0,-9.0,12.298525511891889,-9.62129062662868,1.7956742949811089,-0.6556366522376376
4.049999999999994,-0.5374979194141938,0.8405189760217695,1.2649759999999994,0.02497600000000703,-9.0,-9.0,11.19336801744552,-34.03211962392829,1.8024739194141932,-0.8155429760217625
4.099999999999993,-0.5374979194141938,0.8405189760217695,1.2804760000000042,0.024976000000000595,-9.0,-9.0,11.93358845130795,-18.247689870417652,1.817973919414198,-0.815542976021769
4.149999999999993,-0.5374979194141938,0.8405189760217695,1.2959760000000122,0.024975999999990946,-9.0,-9.0,12.062831825981432,-18.34744544858893,1.833473919414206,-0.8155429760217786
4.199999999999993,-0.5250292071141018,0.9785315083085511,1.311476000000013,0.024975999999989312,-9.0,-9.0,10.635410805719388,-37.215205630593545,1.8365052071141148,-0.9535555083085617
4.249999999999993,-0.5250292071141018,0.9785315083085511,1.326975999999995,0.024976000000007575,-9.0,-9.0,11.724140438866282,-23.87512887235619,1.8520052071140969,-0.9535555083085435
4.299999999999993,-0.5250292071141018,0.9785315083085511,1.3424759999999596,0.024976000000044195,-9.0,-9.0,11.85131686060758,-24.01662832570932,1.8675052071140614,-0.9535555083085069
4.3499999999999925,-0.5511599475012314,1.0216452114324919,1.3579759999999446,0.024976000000060936,-9.0,-9.0,11.853353820925772,-33.231270246632576,1.909135947501176,-0.9966692114324309
4.399999999999992,-0.5511599475012314,1.0216452114324919,1.3734759999999933,0.024976000000013366,-9.0,-9.0,11.510296843111778,-28.618951745167358,1.9246359475012247,-0.9966692114324786
4.449999999999992,-0.5711166385489811,1.0324201730856637,1.3889760000001232,0.024975999999882873,-9.0,-9.0,11.771796653196303,-32.551803357052954,1.9600926385491042,-1.0074441730857808
4.499999999999992,-0.5711166385489811,1.0324201730856637,1.4044760000002154,0.02497599999978915,-9.0,-9.0,11.408181143747363,-31.16946357459403,1.9755926385491964,-1.0074441730858745
4.549999999999992,-0.5711166385489811,1.0324201730856637,1.4199760000001056,0.024975999999897993,-9.0,-9.0,11.530989345167132,-31.374534336571624,1.9910926385490866,-1.0074441730857657
4.599999999999992,-0.5670418346805329,1.0108069950334493,1.4354759999996693,0.024976000000334574,-9.0,-9.0,11.891555014197602,-28.23332799944465,2.0025178346802024,-0.9858309950331147
4.6499999999999915,-0.5670418346805329,1.0108069950334493,1.450975999999236,0.02497600000076941,-9.0,-9.0,11.967187862024062,-30.62265476139365,2.018017834679769,-0.9858309950326799
4.699999999999991,-0.5670418346805329,1.0108069950334493,1.4664759999994188,0.024976000000588007,-9.0,-9.0,12.092315323488531,-30.819023508318715,2.0335178346799516,-0.9858309950328613
4.749999999999991,-0.5564772948387315,0.9646656130998348,1.481976000000791,0.024975999999216437,-9.0,-9.0,12.448899969990046,-24.472649919053048,2.0384532948395226,-0.9396896131006184
4.799999999999991,-0.5564772948387315,0.9646656130998348,1.497476000002613,0.024975999997393947,-9.0,-9.0,12.557736477684257,-29.38924630425438,2.0539532948413446,-0.9396896131024408
4.849999999999991,-0.5564772948387315,0.9646656130998348,1.512976000002656,0.024975999997349747,-9.0,-9.0,12.685321817548173,-29.573007067446344,2.0694532948413875,-0.939689613102485
4.899999999999991,-0.5986362410999688,0.8343955425148109,1.5284759999986315,0.024976000001372567,-9.0,-9.0,15.557211555598073,-13.652636010006029,2.1271122410986,-0.8094195425134383
4.94999999999999,-0.5986362410999688,0.8343955425148109,1.5439759999915228,0.024976000008479816,-9.0,-9.0,13.696585109491416,-25.780508369618648,2.1426122410914914,-0.8094195425063311
4.99999999999999,-0.5986362410999688,0.8343955425148109,1.5594759999891046,0.02497600001089684,-9.0,-9.0,13.829295133286623,-25.93596275326467,2.158112241089073,-0.809419542503914
5.04999999999999,-0.5674478386806721,0.7860943566510468,1.5749759999999977,0.0249760000000037,-9.0,-9.0,13.52080038655084,-17.235712719224587,2.1424238386806698,-0.7611183566510431
5.09999999999999,-0.5674478386806721,0.7860943566510468,1.5904760000260239,0.024975999973978782,-9.0,-9.0,14.385505089465019,-22.571961097076198,2.157923838706696,-0.761118356677068
5.14999999999999,-0.5486309013561368,0.6638750198403469,1.6059760000418106,0.024975999958193818,-9.0,-9.0,14.491136624640705,-7.206993648064683,2.1546069013979476,-0.6388990198821531
5.1999999999999895,-0.5486309013561368,0.6638750198403469,1.6214760000151867,0.024975999984818864,-9.0,-9.0,14.752528849659189,-19.674060834474954,2.1701069013713234,-0.638899019855528
5.249999999999989,-0.5486309013561368,0.6638750198403469,1.6369759999257545,0.024976000074250677,-9.0,-9.0,14.88952955062263,-19.782339654526407,2.1856069012818913,-0.6388990197660962
5.299999999999989,-0.41291541511213586,0.7111069369921215,1.6524759998477192,0.024976000152284742,-9.0,-9.0,10.007669805032643,-23.688661012062695,2.065391414959855,-0.6861309368398367
5.349999999999989,-0.41291541511213586,0.7111069369921215,1.6679759999008499,0.024976000099152868,-9.0,-9.0,14.35699577606836,-20.789845890178075,2.0808914150129856,-0.6861309368929686
5.399999999999989,-0.41291541511213586,0.7111069369921215,1.6834760001895925,0.024975999810410373,-9.0,-9.0,14.491485922421482,-20.903221172294955,2.0963914153017282,-0.6861309371817111
5.449999999999989,-0.44497071861015486,0.7180863783730226,1.6989760005293455,0.024975999470658906,-9.0,-9.0,15.685075115653293,-22.62190936641203,2.1439467191395005,-0.6931103789023637
5.4999999999999885,-0.44497071861015486,0.7180863783730226,1.714476000480758,0.02497599951924802,-9.0,-9.0,14.894424789134508,-21.632314019268037,2.159446719090913,-0.6931103788537746
5.549999999999988,-0.44497071861015486,0.7180863783730226,1.72997599960762,0.024976000392386816,-9.0,-9.0,15.03063158819194,-21.749821113811354,2.174946718217775,-0.6931103779806358
5.599999999999988,-0.5395075856042565,0.6181515646717218,1.7454759982438188,0.024976001756187704,-9.0,-9.0,18.820353424514714,-13.83623013637926,2.284983583848075,-0.5931755629155341
5.649999999999988,-0.5395075856042565,0.6181515646717218,1.7609759979517245,0.02497600204828086,-9.0,-9.0,15.667238289895863,-22.261967822356603,2.300483583555981,-0.593175562623441
5.699999999999988,-0.6144038448673685,0.5651667766747609,1.7764760004023663,0.024975999597637223,-9.0,-9.0,18.798322155220102,-16.966802669365162,2.390879845269735,-0.5401907770771237
5.749999999999988,-0.6144038448673685,0.5651667766747609,1.791976005531575,0.02497599446842701,-9.0,-9.0,16.47523759254633,-21.16898882941715,2.4063798503989435,-0.5401907822063339
5.799999999999987,-0.6144038448673685,0.5651667766747609,1.807476008070335,0.02497599192966568,-9.0,-9.0,16.617220985289507,-21.288236583810768,2.4218798529377032,-0.5401907847450952
5.849999999999987,-0.6348525111092853,0.767153384795573,1.822976001777821,0.024975998222179448,-9.0,-9.0,15.735186001113473,-47.85537361018779,2.4578285128871062,-0.7421773865733936
5.899999999999987,-0.6348525111092853,0.767153384795573,1.8384759836651765,0.024976016334825143,-9.0,-9.0,16.478717350334698,-27.8112870708774,2.473328494774462,-0.7421773684607479
5.949999999999987,-0.6348525111092853,0.767153384795573,1.8539759699715168,0.024976030028486345,-9.0,-9.0,16.619559074710196,-27.969598024485624,2.488828481080802,-0.7421773547670867
5.999999999999987,-0.6182008590093735,0.8521475457196065,1.869475983977348,0.024976016022656432,-9.0,-9.0,15.465473596902779,-38.12626880504917,2.4876768429867218,-0.8271715296969501
6.0499999999999865,-0.6182008590093735,0.8521475457196065,1.8849760440409589,0.024975955959045604,-9.0,-9.0,16.626417432325567,-30.33177168449259,2.503176903050332,-0.8271715897605609
6.099999999999986,-0.6182008590093735,0.8521475457196065,1.9004761064593494,0.024975893540653993,-9.0,-9.0,16.76705481943863,-30.502289936858364,2.518676965468723,-0.8271716521789525
6.149999999999986,-0.5881272105473674,0.9281517264975986,1.9159760851297178,0.024975914870284405,-9.0,-9.0,15.380431058455704,-38.37511073066222,2.5041032956770852,-0.9031758116273142
6.199999999999986,-0.5881272105473674,0.9281517264975986,1.931475898184258,0.02497610181574421,-9.0,-9.0,16.864969966753122,-31.711673506035716,2.5196031087316255,-0.9031756246818544
6.249999999999986,-0.47662016895445514,0.8941102991326031,1.9469756395559725,0.024976360444030867,-9.0,-9.0,13.295504511210769,-25.706877251889146,2.4235958085104277,-0.8691339386885722
6.299999999999986,-0.47662016895445514,0.8941102991326031,1.9624756202272922,0.0249763797727127,-9.0,-9.0,16.487483296315148,-31.565717726157686,2.4390957891817475,-0.8691339193598904
6.349999999999985,-0.47662016895445514,0.8941102991326031,1.9779761627460866,0.024975837253919362,-9.0,-9.0,16.626214790093844,-31.739978131239067,2.4545963317005417,-0.8691344618786837
6.399999999999985,-0.47662016895445514,0.8941102991326031,1.9934771620666192,0.024974837933386757,-9.0,-9.0,16.765313652777518,-31.91445282801843,2.4700973310210745,-0.8691354611992164
6.449999999999985,-0.37419729308280075,0.8056119463132245,2.008977541690055,0.024974458309950126,-9.0,-9.0,13.546973040535118,-22.683796341827243,2.3831748347728556,-0.7806374880032744
6.499999999999985,-0.37419729308280075,0.8056119463132245,2.0244760909282777,0.024975909071725422,-9.0,-9.0,15.875811114754445,-34.2706036969168,2.3986733840110785,-0.7806360372414991
6.549999999999985,-0.4259370214896456,0.8210336803832388,2.0399724644776698,0.024979535522331755,-9.0,-9.0,17.34504138234437,-39.32615662049023,2.465909485967315,-0.796054144860907
6.5999999999999845,-0.4259370214896456,0.8210336803832388,2.0554701305276795,0.02498186947232082,-9.0,-9.0,16.142731998331445,-36.49010930847178,2.481407152017325,-0.7960518109109179
6.649999999999984,-0.4259370214896456,0.8210336803832388,2.0709736073958167,0.024978392604183032,-9.0,-9.0,16.277486207215652,-36.70520081863206,2.496910628885462,-0.7960552877790558
6.699999999999984,-0.4684532467940161,0.7314190064231179,2.0864859580516444,0.02496604194835611,-9.0,-9.0,18.965609773489096,-27.28536302237984,2.5549392048456605,-0.7064529644747617
6.749999999999984,-0.4684532467940161,0.7314190064231179,2.1019972316139537,0.024954768386048466,-9.0,-9.0,17.10457167710509,-34.832873195480104,2.57045047840797,-0.7064642380370694
6.799999999999984,-0.4684532467940161,0.7314190064231179,2.1174906266165183,0.02496137338348532,-9.0,-9.0,17.242210973629465,-35.02925992710422,2.5859438734105344,-0.7064576330396325
6.849999999999984,-0.4684532467940161,0.7314190064231179,2.13295110887205,0.025000891127953895,-9.0,-9.0,17.37971517265187,-35.22287185976871,2.601404355666066,-0.706418115295164
6.8999999999999835,-0.40799975614143924,0.7537319338991196,2.148402678423884,0.0250493215761184,-9.0,-9.0,15.543507229202987,-34.373283989772624,2.5564024345653236,-0.7286826123230012
6.949999999999983,-0.40799975614143924,0.7537319338991196,2.1639067611065785,0.025045238893422694,-9.0,-9.0,17.610893756153942,-34.000236397599714,2.571906517248018,-0.7286866950056969
6.999999999999983,-0.4315143191624262,0.846966269913419,2.1795250748607504,0.024926925139250607,-9.0,-9.0,18.15305995443221,-43.564640684273094,2.6110393940231766,-0.8220393447741683
7.049999999999983,-0.4315143191624262,0.846966269913419,2.1952175686386175,0.024734431361384375,-9.0,-9.0,18.248490295002686,-34.14319385264884,2.6267318878010437,-0.8222318385520345
7.099999999999983,-0.4315143191624262,0.846966269913419,2.210767115285202,0.02468488471480182,-9.0,-9.0,18.384243774934014,-34.28799893002677,2.642281434447628,-0.8222813851986172
7.149999999999983,-0.27365482606379016,0.983327920718488,2.225938897289094,0.02501310271091102,-9.0,-9.0,11.46515908546576,-47.17824194975507,2.499593723352884,-0.9583148180075769
7.199999999999982,-0.27365482606379016,0.983327920718488,2.240721346624901,0.025730653375104103,-9.0,-9.0,17.22996573900687,-38.27698367728104,2.5143761726886913,-0.9575972673433839
7.249999999999982,-0.23399842431200613,1.1343937275986629,2.2558393543153215,0.0261126456846824,-9.0,-9.0,14.76249916824451,-54.19285127420106,2.4898377786273276,-1.1082810819139806
7.299999999999982,-0.23399842431200613,1.1343937275986629,2.2721694568840847,0.025282543115918026,-9.0,-9.0,17.249120871158688,-41.096291824170144,2.506167881196091,-1.1091111844827448
7.349999999999982,-0.23399842431200613,1.1343937275986629,2.290180338355536,0.022771661644465584,-9.0,-9.0,17.446765712668164,-41.65926514770398,2.524178762667542,-1.1116220659541973
7.399999999999982,-0.23399842431200613,1.1343937275986629,2.3076746742309435,0.02077732576905704,-9.0,-9.0,17.54972633861163,-41.68124675941641,2.5416730985429496,-1.1136164018296058
7.4499999999999815,-0.23399842431200613,1.1343937275986629,2.3213840863041595,0.02256791369584006,-9.0,-9.0,17.521366239831053,-40.95360833329616,2.5553825106161656,-1.1118258139028228
7.499999999999981,-0.07131201923277741,1.3442433087013845,2.3282883525583964,0.03116364744160168,-9.0,-9.0,10.434037370371618,-57.65807546151428,2.399600371791174,-1.3130796612597828
7.549999999999981,-0.07131201923277741,1.3442433087013845,2.3289383412263485,0.046013658773648373,-9.0,-9.0,16.45732121665273,-39.59452348977833,2.400250360459126,-1.2982296499277362
7.599999999999981,-0.06927421349891233,1.4182114387411633,2.3265420819594835,0.06390991804051241,-9.0,-9.0,16.01941625233724,-46.486739053121624,2.395816295458396,-1.3543015207006508
7.649999999999981,-0.06927421349891233,1.4182114387411633,2.3243307552194965,0.08162124478049969,-9.0,-9.0,16.62404368881215,-39.25847982885511,2.393604968718409,-1.3365901939606637
7.699999999999981,-0.11571152096869547,1.6336002479926823,2.3238509686305373,0.09760103136946062,-9.0,-9.0,16.619899534656,-66.0193726216551,2.4395624895992327,-1.5359992166232217
7.7499999999999805,-0.11571152096869547,1.6336002479926823,2.324385349317789,0.11256665068221038,-9.0,-9.0,16.74860142857125,-44.053796762889945,2.4400968702864843,-1.521033597310472
7.79999999999998,-0.11571152096869547,1.6336002479926823,2.325058137980355,0.12739386201964473,-9.0,-9.0,16.820029621281066,-43.95090228157683,2.4407696589490504,-1.5062063859730377
7.84999999999998,-0.11571152096869547,1.6336002479926823,2.325280563293291,0.14267143670670812,-9.0,-9.0,16.87381288079688,-43.75441054592262,2.4409920842619863,-1.4909288112859742
7.89999999999998,-0.1649285441701347,1.6728444773579463,2.3251782087624244,0.15827379123757304,-9.0,-9.0,18.60054358323697,-48.28353467834614,2.490106752932559,-1.5145706861203732
7.94999999999998,-0.1649285441701347,1.6728444773579463,2.3249859416414256,0.1739660583585713,-9.0,-9.0,17.453012170290737,-43.338133963699974,2.4899144858115605,-1.498878418999375
7.99999999999998,-0.20227402329265848,1.7094010089502152,2.3248979958944265,0.18955400410557097,-9.0,-9.0,18.62805757096688,-48.1193914536362,2.527172019187085,-1.5198470048446442
8.04999999999998,-0.20227402329265848,1.7094010089502152,2.324911271878366,0.20504072812163318,-9.0,-9.0,17.815620981887744,-43.7132113526809,2.5271852951710247,-1.504360280828582
8.09999999999998,-0.20227402329265848,1.7094010089502152,2.324962850430693,0.22048914956930743,-9.0,-9.0,17.888131948462235,-43.60300475162449,2.5272368737233517,-1.4889118593809076
8.14999999999998,-0.21846007358382707,1.6920086457313555,2.324994552505577,0.23595744749442424,-9.0,-9.0,19.056732663638055,-39.701134602727834,2.543454626089404,-1.4560511982369313
8.199999999999982,-0.21846007358382707,1.6920086457313555,2.3249956464571087,0.2514563535428926,-9.0,-9.0,18.563446901031384,-41.02570620978713,2.5434557200409356,-1.4405522921884628
8.249999999999982,-0.1490860181822854,1.5241233132050631,2.3249826695576337,0.26696933044236626,-9.0,-9.0,17.177087041564445,-19.743789868536172,2.474068687739919,-1.2571539827626967
8.299999999999983,-0.1490860181822854,1.5241233132050631,2.324972080809917,0.2824799191900819,-9.0,-9.0,18.51504283360242,-37.264931162212676,2.4740580989922023,-1.2416433940149811
8.349999999999984,-0.1490860181822854,1.5241233132050631,2.3249703110061875,0.29798168899380983,-9.0,-9.0,18.584998194528293,-37.118922244960245,2.474056329188473,-1.2261416242112533
8.399999999999984,-0.181121636290707,1.4315704612554054,2.3249733317481036,0.313478668251893,-9.0,-9.0,20.414727573217938,-25.688404913082163,2.5060949680388105,-1.1180917930035124
8.449999999999985,-0.181121636290707,1.4315704612554054,2.3249766410963586,0.32897535890363866,-9.0,-9.0,19.141851252786616,-34.238469184758316,2.5060982773870655,-1.1025951023517668
8.499999999999986,-0.181121636290707,1.4315704612554054,2.324977572720368,0.3444744272796306,-9.0,-9.0,19.211974318095724,-34.07586751935433,2.506099209011075,-1.087096033975775
8.549999999999986,-0.2231211169660139,1.2746530140065155,2.3249769473403537,0.3599750526596472,-9.0,-9.0,21.7338114137832,-13.131199726937615,2.5480980643063678,-0.9146779613468683
8.599999999999987,-0.2231211169660139,1.2746530140065155,2.324975975635842,0.3754760243641596,-9.0,-9.0,20.0855826533204,-28.145299998896505,2.5480970926018562,-0.8991769896423559
8.649999999999988,-0.15790528342248894,1.2174628872979976,2.324975586905396,0.39097641309460535,-9.0,-9.0,18.312180286579764,-17.67810514571682,2.482880870327885,-0.8264864742033922
8.699999999999989,-0.15790528342248894,1.2174628872979976,2.324975688625189,0.4064763113748111,-9.0,-9.0,20.240679315144124,-23.52854514694837,2.482880972047678,-0.8109865759231865
8.74999999999999,-0.15790528342248894,1.2174628872979976,2.324975956392319,0.4219760436076808,-9.0,-9.0,20.306125435609236,-23.32193228160418,2.482881239814808,-0.7954868436903167
8.79999999999999,-0.15790528342248894,1.2174628872979976,2.3249761017597916,0.4374758982402091,-9.0,-9.0,20.37157961364889,-23.113983515557546,2.4828813851822806,-0.7799869890577884
8.84999999999999,-0.06063780121980705,1.1616333438163715,2.324976096580687,0.45297590341931554,-9.0,-9.0,17.226570174292657,-13.954126942874323,2.385613897800494,-0.708657440397056
8.899999999999991,-0.06063780121980705,1.1616333438163715,2.3249760272814464,0.46847597271855784,-9.0,-9.0,20.16739119948663,-19.532230748890687,2.3856138285012536,-0.6931573710978136
8.949999999999992,0.055656260242469835,1.1332985844152008,2.3249759771895615,0.48397602281044366,-9.0,-9.0,16.21754112663534,-14.49257893286321,2.269319716947092,-0.6493225616047571
8.999999999999993,0.055656260242469835,1.1332985844152008,2.324975971474304,0.49947602852570067,-9.0,-9.0,19.76225787815716,-17.107399138516183,2.269319711231834,-0.6338225558895001
9.049999999999994,0.055656260242469835,1.1332985844152008,2.3249759881992618,0.514976011800742,-9.0,-9.0,19.81906674090834,-16.874965771843918,2.269319727956792,-0.6183225726144588
9.099999999999994,0.017728547029413677,1.1032438628850683,2.3249760042932577,0.5304759957067446,-9.0,-9.0,21.31039188108768,-11.429446473045331,2.307247457263844,-0.5727678671783236
9.149999999999995,0.017728547029413677,1.1032438628850683,2.3249760080461086,0.5459759919538925,-9.0,-9.0,20.24903132083402,-14.2768144007892,2.307247461016695,-0.5572678709311758
9.199999999999996,0.04137593237853987,0.9690839383821074,2.324976004376903,0.5614759956230972,9.0,9.0,19.318278959627765,4.545167528400335,2.2836000719983636,-0.40760794275901013
9.249999999999996,0.04137593237853987,0.9690839383821074,2.3249759995236343,0.5769760004763663,-9.0,-9.0,20.34005838570776,-8.425258401727717,2.2836000671450947,-0.39210793790574106
9.299999999999997,0.04137593237853987,0.9690839383821074,2.3249759978375604,0.5924760021624418,-9.0,-9.0,20.39209485978106,-8.160633191494538,2.2836000654590203,-0.3766079362196656
9.349999999999998,0.1955303744999219,0.790108569443925,2.3249759985178193,0.6079760014821847,9.0,9.0,14.465185326864654,13.34384188895334,2.1294456240178974,-0.18213256796174038
9.399999999999999,0.1955303744999219,0.790108569443925,2.324975999892187,0.6234760001078181,-9.0,-7.8601729138904854,19.60661549486157,-2.785142800285022,2.129445625392265,-0.16663256933610693
9.45,0.1955303744999219,0.790108569443925,2.324976000548835,0.6389759994511699,-9.0,-7.102023741709866,19.65218577474573,-2.498494081353555,2.129445626048913,-0.15113256999275515
9.5,0.2606404442591149,0.7604266881593006,2.324976000470569,0.6544759995294351,5.529543712183195,9.0,17.290606802394777,1.7869979285647781,2.064335556211454,-0.10595068862986545
9.55,0.2606404442591149,0.7604266881593006,2.3249760001051394,0.6699759998948638,-5.785093157197595,5.058255807502045,19.37339585879856,-0.1384452094658189,2.0643355558460246,-0.09045068826443681
9.600000000000001,0.2606404442591149,0.7604266881593006,2.3249759998711825,0.6854760001288213,-5.014771184735407,5.839061993298527,19.415332712135736,0.15700777305964211,2.0643355556120677,-0.07495068803047933
9.650000000000002,0.43848113391985144,0.7855718021761647,2.324975999858163,0.7009760001418424,-9.0,-9.0,13.329786436953876,-2.9623826520894405,1.8864948659383116,-0.08459580203432238
9.700000000000003,0.43848113391985144,0.7855718021761647,2.3249759999491992,0.716476000050808,7.434366791244334,9.0,18.517883233257486,2.5710865506291505,1.8864948660293477,-0.06909580212535671
9.750000000000004,0.44959028049054456,0.6731655313172447,2.3249760000265676,0.7319759999734406,9.0,9.0,17.589719819515008,15.246390100474496,1.875385719536023,0.05881046865619599
9.800000000000004,0.44959028049054456,0.6731655313172447,2.324976000040804,0.7474759999592039,9.0,9.0,18.442051299412554,4.595461647669395,1.8753857195502597,0.07431046864195923
9.850000000000005,0.44959028049054456,0.6731655313172447,2.324976000019895,0.7629759999801121,9.0,9.0,18.475757917154432,4.906686015062336,1.8753857195293506,0.08981046866286746
9.900000000000006,0.5592335669873169,0.6163422527659242,2.324975999995932,0.7784760000040739,9.0,9.0,14.186871361783227,12.478954519959352,1.765742433008615,0.16213374723814966
9.950000000000006,0.5592335669873169,0.6163422527659242,2.324975999988798,0.7939760000112067,9.0,9.0,17.77255494174572,9.382434709531823,1.7657424330014808,0.17763374724528247
10.000000000000007,0.5592335669873169,0.6163422527659242,2.3249759999930273,0.8094760000069763,9.0,9.0,17.798149820534018,9.705745088374067,1.7657424330057103,0.19313374724105203
10.050000000000008,0.604964432874566,0.6295475519145738,2.324976000000001,0.8249760000000032,9.0,9.0,16.256849382459894,8.896365327268215,1.7200115671254348,0.19542844808542936
10.100000000000009,0.604964432874566,0.6295475519145738,2.32497600000292,0.8404759999970859,9.0,9.0,17.52784774483172,11.52830388184421,1.7200115671283538,0.2109284480825121
10.15000000000001,0.604964432874566,0.6295475519145738,2.324976000002272,0.8559759999977357,9.0,9.0,17.549521013510034,11.855650991545696,1.7200115671277059,0.22642844808316187
10.20000000000001,0.6220260337362353,0.6360286865912664,2.3249760000003676,0.8714759999996415,9.0,9.0,17.047570907684907,10.70548045659275,1.7029499662641323,0.2354473134083751
10.25000000000001,0.6220260337362353,0.6360286865912664,2.32497599999929,0.8869760000007194,9.0,9.0,17.52636273260986,12.03845420990634,1.7029499662630545,0.250947313409453
10.300000000000011,0.6182576119849826,0.6646124368016924,2.3249759999993014,0.9024760000007064,9.0,9.0,18.010130824191215,6.3185146128343215,1.7067183880143189,0.23786356319901403
10.350000000000012,0.6182576119849826,0.6646124368016924,2.32497599999979,0.9179760000002171,9.0,9.0,17.77820318268158,9.395215445859222,1.7067183880148074,0.2533635631985247
10.400000000000013,0.6182576119849826,0.6646124368016924,2.3249760000001576,0.9334759999998499,9.0,9.0,17.804485405351848,9.721619638969972,1.706718388015175,0.2688635631981575
10.450000000000014,0.6182576119849826,0.6646124368016924,2.324976000000206,0.9489759999998029,9.0,9.0,17.83070124799785,10.049296405793957,1.7067183880152235,0.2843635631981105
10.500000000000014,0.6000579086808088,0.608265226735131,2.3249760000000896,0.9644759999999212,9.0,9.0,18.192617151827935,16.828353296353804,1.7249180913192808,0.3562107732647902
10.550000000000015,0.6000579086808088,0.608265226735131,2.3249759999999724,0.9799760000000394,9.0,9.0,17.957073095277284,11.306469858818476,1.7249180913191635,0.3717107732649084
10.600000000000016,0.5962339949945317,0.5891393488378683,2.3249759999999435,0.9954760000000685,9.0,9.0,18.114377497950947,12.312579148331162,1.7287420050054119,0.4063366511622002
10.650000000000016,0.5962339949945317,0.5891393488378683,2.3249759999999684,1.0109760000000425,9.0,9.0,18.108735479239026,10.701694170064528,1.7287420050054367,0.42183665116217417
10.700000000000017,0.5962339949945317,0.5891393488378683,2.3249760000000035,1.0264760000000062,9.0,9.0,18.13843234376128,11.038957484265852,1.7287420050054718,0.4373366511621378
10.750000000000018,0.5730700032990219,0.4802027837356244,2.3249760000000164,1.041975999999992,9.0,9.0,18.636775765902332,22.95763002401737,1.7519059967009945,0.5617732162643676
10.800000000000018,0.5730700032990219,0.4802027837356244,2.3249760000000115,1.0574759999999954,9.0,9.0,18.341796997699813,12.220466159842166,1.7519059967009896,0.577273216264371
10.85000000000002,0.5550577259017357,0.5224279289693852,2.3249760000000017,1.0729760000000055,9.0,9.0,19.13410805947801,8.921217553734332,1.769918274098266,0.5505480710306203
10.90000000000002,0.5550577259017357,0.5224279289693852,2.324975999999997,1.0884760000000118,9.0,9.0,18.46719543128183,13.225922955699843,1.769918274098261,0.5660480710306266
10.95000000000002,0.5550577259017357,0.5224279289693852,2.3249759999999973,1.1039760000000134,9.0,9.0,18.498306024216955,13.574695369474451,1.7699182740982615,0.5815480710306282
11.000000000000021,0.5550577259017357,0.5224279289693852,2.324976,1.1194760000000124,9.0,9.0,18.52936701555849,13.924748824197229,1.7699182740982642,0.5970480710306272
11.050000000000022,0.5550577259017357,0.5224279289693852,2.3249760000000017,1.1349760000000109,9.0,9.0,18.56037840530643,14.276083319868219,1.769918274098266,0.6125480710306257
11.100000000000023,0.39095012422699177,0.535038371757912,2.3249760000000017,1.1504760000000096,9.0,9.0,24.65839895073953,10.965243752974295,1.93402587577301,0.6154376282420976
11.150000000000023,0.39095012422699177,0.535038371757912,2.3249760000000013,1.1659760000000092,9.0,9.0,19.76176073961279,11.401485560648693,1.9340258757730096,0.6309376282420972
11.200000000000024,0.44327063924374105,0.48260668287401576,2.324976000000001,1.18147600000001,9.0,9.0,17.717972251241278,18.575940326973477,1.8817053607562597,0.6988693171259942
11.250000000000025,0.44327063924374105,0.48260668287401576,2.3249760000000004,1.1969760000000118,9.0,9.0,19.459440323230414,14.177321659476393,1.8817053607562593,0.714369317125996
11.300000000000026,0.44327063924374105,0.48260668287401576,2.324976000000001,1.2124760000000137,9.0,9.0,19.49705177241776,14.534936629835874,1.8817053607562597,0.7298693171259979
11.350000000000026,0.3694671454930954,0.5117855189750502,2.324976000000001,1.2279760000000148,9.0,9.0,22.315331871059787,10.566771863907997,1.9555088545069055,0.7161904810249646
11.400000000000027,0.3694671454930954,0.5117855189750502,2.324976000000001,1.243476000000015,9.0,9.0,20.089442014598557,13.339333833851345,1.9555088545069055,0.7316904810249647
11.450000000000028,0.30371985621275366,0.4030508685241313,2.324976000000001,1.2589760000000139,9.0,9.0,22.235920756168756,26.763252320875218,2.021256143787247,0.8559251314758826
11.500000000000028,0.30371985621275366,0.4030508685241313,2.324976000000001,1.2744760000000124,9.0,9.0,20.51624621628186,15.864516568582813,2.021256143787247,0.8714251314758811
11.55000000000003,0.30371985621275366,0.4030508685241313,2.324976000000001,1.289976000000011,9.0,9.0,20.559922084988795,16.23247746223088,2.021256143787247,0.8869251314758796
11.60000000000003,0.2389692221450634,0.20732256394166523,2.324976000000001,1.3054760000000099,9.0,9.0,22.466934915643293,40.18500513454152,2.0860067778549376,1.0981534360583447
11.65000000000003,0.2389692221450634,0.20732256394166523,2.324976000000001,1.32097600000001,9.0,9.0,20.940067120473604,20.632949103960993,2.0860067778549376,1.1136534360583448
11.700000000000031,0.13991579624548195,0.40326130551512296,2.324976000000001,1.336476000000011,-9.0,-9.0,24.911599911310272,-3.6368994799599688,2.185060203754519,0.9332146944848881
11.750000000000032,0.13991579624548195,0.40326130551512296,2.324976000000001,1.3519760000000132,9.0,9.0,21.78319838123322,15.96116772807064,2.185060203754519,0.9487146944848902
11.800000000000033,0.13991579624548195,0.40326130551512296,2.324976000000001,1.367476000000015,9.0,9.0,21.833894702934085,16.331940710360847,2.185060203754519,0.964214694484892
11.850000000000033,0.07892157025839447,0.3707763891836861,2.324976000000001,1.3829760000000153,9.0,9.0,23.764282079575732,23.721857336629952,2.2460544297416063,1.0121996108163291
11.900000000000034,0.07892157025839447,0.3707763891836861,2.324976000000001,1.3984760000000143,9.0,9.0,22.057577268969315,20.423883587638855,2.2460544297416063,1.027699610816328
11.950000000000035,0.07892157025839447,0.3707763891836861,2.324976000000001,1.4139760000000132,9.0,9.0,22.105545298754457,20.807527087742983,2.2460544297416063,1.043199610816327
12.000000000000036,0.0588406491175848,0.268389438465712,2.324976000000001,1.429476000000013,9.0,9.0,22.539122573713257,33.9279941900699,2.266135350882416,1.1610865615343011
12.050000000000036,0.0588406491175848,0.268389438465712,2.324976000000001,1.4449760000000147,9.0,9.0,22.226955317714253,23.95918833650274,2.266135350882416,1.1765865615343027
12.100000000000037,0.0588406491175848,0.268389438465712,2.324976000000001,1.4604760000000168,9.0,9.0,22.27441014065345,24.356325957801126,2.266135350882416,1.1920865615343048
12.150000000000038,0.17246854612524776,0.37220832435038304,2.324976000000001,1.4759760000000184,9.0,9.0,18.74291695209568,8.139165582324418,2.152507453874753,1.1037676756496353
12.200000000000038,0.17246854612524776,0.37220832435038304,2.324976000000001,1.4914760000000185,9.0,9.0,22.12240918497948,19.18837678506008,2.152507453874753,1.1192676756496354
12.250000000000039,0.0649825453374564,0.4350873609925668,2.324976000000001,1.5069760000000176,9.0,9.0,26.000371771279298,13.497338677516666,2.2599934546625446,1.071888639007451
12.30000000000004,0.0649825453374564,0.4350873609925668,2.324976000000001,1.5224760000000161,9.0,9.0,22.759628321273123,19.759694154879337,2.2599934546625446,1.0873886390074494
12.35000000000004,0.0649825453374564,0.4350873609925668,2.324976000000001,1.5379760000000147,9.0,9.0,22.811861473553204,20.142560272034395,2.2599934546625446,1.102888639007448
12.400000000000041,0.0649825453374564,0.4350873609925668,2.324976000000001,1.5534760000000134,9.0,9.0,22.864080107695667,20.526717148972992,2.2599934546625446,1.1183886390074467
12.450000000000042,0.013151870981483571,0.7511125056215158,2.324976000000001,1.5689760000000132,-9.0,-9.0,25.175404741081735,-16.27998231638009,2.3118241290185173,0.8178634943784975
12.500000000000043,0.013151870981483571,0.7511125056215158,2.324976000000001,1.5844760000000144,9.0,9.0,23.323069398513645,15.468632165970597,2.3118241290185173,0.8333634943784987
12.550000000000043,0.013151870981483571,0.7511125056215158,2.324976000000001,1.5999760000000165,9.0,9.0,23.376868624629132,15.83045124194371,2.3118241290185173,0.8488634943785007
12.600000000000044,0.10838190697604799,0.835385366532802,2.324976000000001,1.6154760000000183,9.0,9.0,20.19124189614174,4.493439553014978,2.2165940930239527,0.7800906334672163
12.650000000000045,0.10838190697604799,0.835385366532802,2.324976000000001,1.6309760000000189,9.0,9.0,23.056465993730512,13.441734635193033,2.2165940930239527,0.7955906334672168
12.700000000000045,0.20482103874691604,0.8567002494656059,2.324976000000001,1.6464760000000178,9.0,9.0,19.655637134439463,11.877082482337437,2.1201549612530846,0.789775750534412
12.750000000000046,0.20482103874691604,0.8567002494656059,2.324976000000001,1.6619760000000168,9.0,9.0,22.578145368775495,14.653328404298284,2.1201549612530846,0.8052757505344109
12.800000000000047,0.20482103874691604,0.8567002494656059,2.324976000000001,1.6774760000000166,9.0,9.0,22.62795247615857,15.011034481243843,2.1201549612530846,0.8207757505344108
12.850000000000048,0.294611836434602,0.7713097712312315,2.324976000000001,1.692976000000018,9.0,9.0,19.576088247419033,23.57903384300343,2.030364163565399,0.9216662287687866
12.900000000000048,0.294611836434602,0.7713097712312315,2.324976000000001,1.70847600000002,9.0,9.0,22.334493659434443,15.454470018373748,2.030364163565399,0.9371662287687886
12.950000000000049,0.294611836434602,0.7713097712312315,2.324976000000001,1.7239760000000217,9.0,9.0,22.384630947184963,15.818983002668059,2.030364163565399,0.9526662287687903
13.00000000000005,0.4038760096527885,0.7199092877168218,2.324976000000001,1.739476000000022,9.0,9.0,18.599269145640715,21.666624901223305,1.9210999903472123,1.0195667122832002
13.05000000000005,0.4038760096527885,0.7199092877168218,2.324976000000001,1.7549760000000212,9.0,9.0,21.92107962015665,16.865031978830167,1.9210999903472123,1.0350667122831994
13.100000000000051,0.4038760096527885,0.7199092877168218,2.324976000000001,1.77047600000002,9.0,9.0,21.96942865921747,17.236282430033267,1.9210999903472123,1.050566712283198
13.150000000000052,0.38161821873290164,0.7217161277403518,2.324976000000001,1.7859760000000184,9.0,9.0,22.738212148235647,18.378942694162202,1.9433577812670992,1.0642598722596666
13.200000000000053,0.38161821873290164,0.7217161277403518,2.324976000000001,1.8014760000000174,9.0,9.0,22.117400280997803,18.91273848031744,1.9433577812670992,1.0797598722596655
13.250000000000053,0.3747878028322039,0.6861088227762995,2.324976000000001,1.8169760000000172,9.0,9.0,22.381982320914997,23.647406888632553,1.950188197167797,1.1308671772237178
13.300000000000054,0.3747878028322039,0.6861088227762995,2.324976000000001,1.8324760000000182,9.0,9.0,22.237250676460327,20.46037497311433,1.950188197167797,1.1463671772237187
13.350000000000055,0.3747878028322039,0.6861088227762995,2.324976000000001,1.84797600000002,9.0,9.0,22.284634736422,20.84328057568429,1.950188197167797,1.1618671772237206
13.400000000000055,0.258757127067,0.695713860038395,2.324976000000001,1.8634760000000217,9.0,9.0,26.510747254939865,19.469929793166145,2.0662188729330007,1.1677621399616267
13.450000000000056,0.258757127067,0.695713860038395,2.324976000000001,1.8789760000000224,9.0,9.0,23.08025970446662,20.77805515138887,2.0662188729330007,1.1832621399616274
13.500000000000057,0.258757127067,0.695713860038395,2.324976000000001,1.8944760000000216,9.0,9.0,23.13156069505089,21.162646224601882,2.0662188729330007,1.1987621399616266
13.550000000000058,0.21112645986889916,0.6255031116571674,2.324976000000001,1.9099760000000205,9.0,9.0,24.753823949916317,30.908833425488883,2.1138495401311017,1.2844728883428531
13.600000000000058,0.21112645986889916,0.6255031116571674,2.324976000000001,1.9254760000000202,9.0,9.0,23.408767571142167,24.209890333756054,2.1138495401311017,1.2999728883428527
13.650000000000059,0.3425974506544495,0.4849994307700978,2.324976000000001,1.9409760000000214,9.0,9.0,18.83621381026439,40.36590310361013,1.9823785493455512,1.4559765692299236
13.70000000000006,0.3425974506544495,0.4849994307700978,2.324976000000001,1.9564760000000232,9.0,9.0,22.851824972465014,26.79400767530135,1.9823785493455512,1.4714765692299254
13.75000000000006,0.3425974506544495,0.4849994307700978,2.324976000000001,1.971976000000025,9.0,9.0,22.900726309950386,27.20297027665381,1.9823785493455512,1.4869765692299273
13.800000000000061,0.45346192293544496,0.5213862489123673,2.324976000000001,1.9874760000000256,9.0,9.0,18.94523184434126,23.886850625842055,1.871514077064556,1.4660897510876583
13.850000000000062,0.45346192293544496,0.5213862489123673,2.324976000000001,2.002976000000025,9.0,9.0,22.298495734720753,28.109033382325652,1.871514077064556,1.481589751087658
13.900000000000063,0.45346192293544496,0.5213862489123673,2.324976000000001,2.0184760000000237,9.0,9.0,22.343353317341702,28.5203538374194,1.871514077064556,1.4970897510876564
13.950000000000063,0.4417813641461146,0.5630650980781146,2.324976000000001,2.0339760000000227,9.0,9.0,22.57104606060379,26.565422355168586,1.8831946358538862,1.4709109019219082
14.000000000000064,0.4417813641461146,0.5630650980781146,2.324976000000001,2.049476000000021,9.0,9.0,22.200387167649655,31.08591705721578,1.8831946358538862,1.4864109019219067
14.050000000000065,0.4661008095010678,0.5048670508746086,2.324976000000001,2.064976000000021,9.0,9.0,21.135810239034463,39.10097814934863,1.858875190498933,1.5601089491254125
14.100000000000065,0.4661008095010678,0.5048670508746086,2.324976000000001,2.0804760000000213,9.0,9.0,22.009977942067597,33.86572359802243,1.858875190498933,1.5756089491254128
14.150000000000066,0.4661008095010678,0.5048670508746086,2.324976000000001,2.095976000000023,9.0,9.0,22.048683097713607,34.291209963331205,1.858875190498933,1.5911089491254145
14.200000000000067,0.37299201787682773,0.5654693810547526,2.324976000000001,2.111476000000025,9.0,9.0,25.798685517789433,25.273444673843382,1.951983982123173,1.5460066189452724
14.250000000000068,0.37299201787682773,0.5654693810547526,2.324976000000001,2.1269760000000257,9.0,9.0,23.003034172621273,31.49988467284776,1.951983982123173,1.561506618945273
14.300000000000068,0.37299201787682773,0.5654693810547526,2.324976000000001,2.1424760000000256,9.0,9.0,23.048467008953864,31.919688266940444,1.951983982123173,1.577006618945273
14.350000000000069,0.3760543489937508,0.5345215331644401,2.324976000000001,2.1579760000000245,9.0,9.0,23.138829923787757,34.66642330459899,1.9489216510062501,1.6234544668355846
14.40000000000007,0.3760543489937508,0.5345215331644401,2.324976000000001,2.173476000000024,9.0,9.0,23.28710148460648,31.99699694105121,1.9489216510062501,1.638954466835584
14.45000000000007,0.3760543489937508,0.5345215331644401,2.324976000000001,2.188976000000025,9.0,9.0,23.334609376838852,32.42057130591025,1.9489216510062501,1.6544544668355852
14.500000000000071,0.43139095167294195,0.6226830278420389,2.324976000000001,2.2044760000000267,9.0,9.0,21.548666448471554,21.221642176139518,1.8935850483270589,1.581792972157988
14.550000000000072,0.43139095167294195,0.6226830278420389,2.324976000000001,2.2199760000000284,9.0,9.0,23.27289572761737,30.420330130649095,1.8935850483270589,1.5972929721579896
14.600000000000072,0.4562902858319673,0.595336871913942,2.324976000000001,2.235476000000029,9.0,9.0,22.354195600213156,34.731646094338245,1.8686857141680335,1.640139128086087
14.650000000000073,0.4562902858319673,0.595336871913942,2.324976000000001,2.2509760000000285,9.0,9.0,23.149601803108084,32.42570091072775,1.8686857141680335,1.6556391280860865
14.700000000000074,0.4562902858319673,0.595336871913942,2.324976000000001,2.2664760000000275,9.0,9.0,23.196005427333496,32.84951205013295,1.8686857141680335,1.6711391280860854
14.750000000000075,0.2522551144589474,0.8047230772684701,2.324976000000001,2.281976000000026,9.0,9.0,30.48926782085825,9.292720085739434,2.0727208855410533,1.4772529227315558
14.800000000000075,0.2522551144589474,0.8047230772684701,2.324976000000001,2.297476000000025,9.0,9.0,24.357079790354813,30.439064718935892,2.0727208855410533,1.4927529227315548
14.850000000000076,0.2522551144589474,0.8047230772684701,2.324976000000001,2.3129760000000243,9.0,9.0,24.40768097911856,30.850604976134047,2.0727208855410533,1.5082529227315542
14.900000000000077,0.2522551144589474,0.8047230772684701,2.324976000000001,2.3284760000000246,9.0,9.0,24.458278340964878,31.263436837006886,2.0727208855410533,1.5237529227315545
14.950000000000077,0.1234435821490058,0.868491047620981,2.324976000000001,2.3439760000000263,9.0,9.0,28.94925503770429,26.290312565080832,2.201532417850995,1.4754849523790452
15.000000000000078,0.1234435821490058,0.868491047620981,2.324976000000001,2.3594760000000283,9.0,9.0,25.079301452818207,32.68284623714128,2.201532417850995,1.4909849523790473
15.050000000000079,-0.10990768254068634,0.8763649654660864,2.324976000000001,2.3749760000000295,9.0,9.0,33.015893443679104,37.30864057350347,2.434883682540687,1.4986110345339432
15.10000000000008,-0.10990768254068634,0.8763649654660864,2.324976000000001,2.390476000000029,9.0,9.0,26.06802344200853,36.89800939887147,2.434883682540687,1.5141110345339426
15.15000000000008,-0.10990768254068634,0.8763649654660864,2.324976000000001,2.405976000000028,9.0,9.0,26.120177981673333,37.322733673056035,2.434883682540687,1.5296110345339415
15.200000000000081,-0.1248063229598177,1.0032821734446413,2.324976000000001,2.4214760000000273,9.0,9.0,26.823474606661378,25.23739647213694,2.4497823229598183,1.418193826555386
15.250000000000082,-0.1248063229598177,1.0032821734446413,2.324976000000001,2.436976000000028,9.0,9.0,26.06393636849449,38.14985508721786,2.4497823229598183,1.4336938265553867
15.300000000000082,-0.1248063229598177,1.0032821734446413,2.324976000000001,2.45247600000003,9.0,9.0,26.113286444088,38.5724504917668,2.4497823229598183,1.4491938265553888
15.350000000000083,-0.03616879346480695,0.9816015803452283,2.324976000000001,2.4679760000000317,9.0,9.0,23.612419764609395,36.107924520914665,2.361144793464808,1.4863744196548034
15.400000000000084,-0.03616879346480695,0.9816015803452283,2.324976000000001,2.4834760000000324,9.0,9.0,26.348890028974886,34.69970163768724,2.361144793464808,1.5018744196548042
15.450000000000085,-0.03616879346480695,0.9816015803452283,2.324976000000001,2.4989760000000323,9.0,9.0,26.403127067091372,35.117594610771974,2.361144793464808,1.517374419654804
15.500000000000085,-0.006070189043643592,0.9792770303521088,2.324976000000001,2.5144760000000312,9.0,9.0,25.125110665919046,37.668596736299605,2.3310461890436445,1.5351989696479225
15.550000000000086,-0.006070189043643592,0.9792770303521088,2.324976000000001,2.5299760000000298,9.0,9.0,26.08110774137003,38.048470562056345,2.3310461890436445,1.550698969647921
15.600000000000087,-0.022672630025367735,1.0099813338279175,2.324976000000001,2.5454760000000287,9.0,9.0,26.640255658767565,36.20055618275585,2.3476486300253687,1.5354946661721112
15.650000000000087,-0.022672630025367735,1.0099813338279175,2.324976000000001,2.5609760000000277,9.0,9.0,26.12270538340965,39.56300418216994,2.3476486300253687,1.5509946661721101
15.700000000000088,-0.022672630025367735,1.0099813338279175,2.324976000000001,2.576476000000028,9.0,9.0,26.171770579398302,39.991382290405916,2.3476486300253687,1.5664946661721104
15.750000000000089,-0.06616717143575157,0.7627763318100664,2.324976000000001,2.5919760000000296,9.0,9.0,27.10514913636098,69.95300821045018,2.3911431714357523,1.8291996681899632
15.80000000000009,-0.06616717143575157,0.7627763318100664,2.324976000000001,2.6074760000000317,9.0,9.0,26.413477275260263,45.42642043854646,2.3911431714357523,1.8446996681899652
15.85000000000009,0.05395571576900404,0.8723152949991351,2.324976000000001,2.622976000000033,9.0,9.0,22.192222591440004,34.1973519289992,2.271020284230997,1.7506607050008978
15.900000000000091,0.05395571576900404,0.8723152949991351,2.324976000000001,2.6384760000000327,9.0,9.0,25.467852485529697,46.81804484831524,2.271020284230997,1.7661607050008976
15.950000000000092,0.05395571576900404,0.8723152949991351,2.324976000000001,2.6539760000000316,9.0,9.0,25.51047317693454,47.26838759332777,2.271020284230997,1.7816607050008966
16.000000000000092,0.05896334501308892,0.7740527737987956,2.324976000000001,2.669476000000031,9.0,9.0,25.26258629595977,57.9952086619047,2.2660126549869117,1.8954232262012356
16.050000000000093,0.05896334501308892,0.7740527737987956,2.324976000000001,2.6849760000000313,9.0,9.0,25.727395831419955,48.715513980074284,2.2660126549869117,1.910923226201236
16.100000000000094,0.05896334501308892,0.7740527737987956,2.324976000000001,2.700476000000033,9.0,9.0,25.77153999182295,49.17569431282312,2.2660126549869117,1.9264232262012375
16.150000000000095,0.05780387871598602,0.7937005434302572,2.324976000000001,2.715976000000035,9.0,9.0,26.330721886232137,44.74871719542894,2.267172121284015,1.922275456569778
16.200000000000095,0.05780387871598602,0.7937005434302572,2.324976000000001,2.731476000000036,9.0,9.0,26.307480588838267,47.159002085214404,2.267172121284015,1.9377754565697791
16.250000000000096,0.05780387871598602,0.7937005434302572,2.324976000000001,2.746976000000036,9.0,9.0,26.355688275822633,47.61685352366492,2.267172121284015,1.953275456569779
16.300000000000097,0.04951799705884419,0.7304893449265072,2.324976000000001,2.7624760000000355,9.0,9.0,27.02240275807194,53.06161894649527,2.2754580029411566,2.031986655073528
16.350000000000097,0.04951799705884419,0.7304893449265072,2.324976000000001,2.777976000000034,9.0,9.0,26.89045198527874,47.17700832394305,2.2754580029411566,2.0474866550735267
16.400000000000098,0.17187931037781146,0.7500849251649085,2.324976000000001,2.793476000000033,9.0,9.0,22.773825264860864,43.966009227514455,2.1530966896221893,2.0433910748351245
16.4500000000001,0.17187931037781146,0.7500849251649085,2.324976000000001,2.808976000000032,9.0,9.0,26.48126371835146,46.65977408571339,2.1530966896221893,2.0588910748351235
16.5000000000001,0.17187931037781146,0.7500849251649085,2.324976000000001,2.824476000000032,9.0,9.0,26.531995589741484,47.12072429977191,2.1530966896221893,2.0743910748351237
16.5500000000001,0.28975194683741995,0.6033127735365341,2.324976000000001,2.8399760000000334,9.0,9.0,22.416842398318728,64.11401494259582,2.035224053162581,2.236663226463499
16.6000000000001,0.28975194683741995,0.6033127735365341,2.324976000000001,2.855476000000035,9.0,9.0,26.068895363016047,50.09385874519206,2.035224053162581,2.2521632264635008
16.6500000000001,0.28975194683741995,0.6033127735365341,2.324976000000001,2.870976000000036,9.0,9.0,26.117591160661288,50.56954500038325,2.035224053162581,2.267663226463502
16.700000000000102,0.3359654641272038,0.651086910771455,2.324976000000001,2.886476000000036,9.0,9.0,24.701805407200748,44.38451008670657,1.989010535872797,2.235389089228581
16.750000000000103,0.3359654641272038,0.651086910771455,2.324976000000001,2.901976000000035,9.0,9.0,26.131426742067426,49.65337092814435,1.989010535872797,2.25088908922858
16.800000000000104,0.3359654641272038,0.651086910771455,2.324976000000001,2.9174760000000344,9.0,9.0,26.180566078898003,50.12708319522494,1.989010535872797,2.2663890892285794
16.850000000000104,0.4048337844309866,0.625062045492218,2.324976000000001,2.932976000000035,9.0,9.0,24.074802591005128,52.1656401020862,1.9201422155690142,2.307913954507817
16.900000000000105,0.4048337844309866,0.625062045492218,2.324976000000001,2.9484760000000367,9.0,9.0,26.179400067706883,49.9390769095654,1.9201422155690142,2.323413954507819
16.950000000000106,0.4048337844309866,0.625062045492218,2.324976000000001,2.963976000000039,9.0,9.0,26.22948062714907,50.415784788683276,1.9201422155690142,2.338913954507821
17.000000000000107,0.31616735391382167,0.5647626049220682,2.324976000000001,2.97947600000004,9.0,9.0,30.02994708370858,54.53085912773416,2.0088086460861794,2.414713395077972
17.050000000000107,0.31616735391382167,0.5647626049220682,2.324976000000001,2.99497600000004,9.0,9.0,27.342963722152206,49.413861968117914,2.0088086460861794,2.4302133950779714
17.100000000000108,0.31616735391382167,0.5647626049220682,2.324976000000001,3.010476000000039,9.0,9.0,27.400189987843557,49.89319120695875,2.0088086460861794,2.445713395077971
17.15000000000011,0.3346202581718787,0.5385935098281674,2.324976000000001,3.0259760000000373,9.0,9.0,26.740953418581693,54.163472421817964,1.9903557418281221,2.48738249017187
17.20000000000011,0.3346202581718787,0.5385935098281674,2.324976000000001,3.041476000000036,9.0,9.0,27.31722119315991,51.957343475604596,1.9903557418281221,2.5028824901718685
17.25000000000011,0.3168675470943091,0.5583401802412095,2.324976000000001,3.0569760000000348,9.0,9.0,28.922124365520656,43.619126606953444,2.0081084529056916,2.4986358197588254
17.30000000000011,0.3168675470943091,0.5583401802412095,2.324976000000001,3.072476000000035,9.0,9.0,28.523288548666656,46.24795095421292,2.0081084529056916,2.5141358197588257
17.35000000000011,0.3168675470943091,0.5583401802412095,2.324976000000001,3.0879760000000362,9.0,9.0,28.58936931893624,46.72174404160377,2.0081084529056916,2.529635819758827
17.400000000000112,0.2578371304089175,0.6843662057119025,2.324976000000001,3.1034760000000383,9.0,9.0,30.39312542994093,30.061904538127024,2.0671388695910835,2.419109794288136
17.450000000000113,0.2578371304089175,0.6843662057119025,2.324976000000001,3.11897600000004,9.0,9.0,29.174344700528625,43.76139822090384,2.0671388695910835,2.4346097942881375
17.500000000000114,0.2578371304089175,0.6843662057119025,2.324976000000001,3.1344760000000402,9.0,9.0,29.243799106296507,44.224597292715686,2.0671388695910835,2.450109794288138
17.550000000000114,0.34581924533902897,0.8597707025053247,2.324976000000001,3.1499760000000387,9.0,9.0,25.574119967805082,23.812147845878915,1.9791567546609719,2.290205297494714
17.600000000000115,0.34581924533902897,0.8597707025053247,2.324976000000001,3.1654760000000377,9.0,9.0,29.004502334280467,40.370868455038284,1.9791567546609719,2.305705297494713
17.650000000000116,0.35802592688079327,0.8649577879536302,2.324976000000001,3.1809760000000376,9.0,9.0,28.81171433540645,38.86190904283235,1.9669500731192076,2.3160182120464072
17.700000000000117,0.35802592688079327,0.8649577879536302,2.324976000000001,3.196476000000039,9.0,9.0,29.269207448824524,39.627319669555256,1.9669500731192076,2.331518212046409
17.750000000000117,0.35802592688079327,0.8649577879536302,2.324976000000001,3.2119760000000412,9.0,9.0,29.340545048560344,40.07507383594106,1.9669500731192076,2.347018212046411
17.800000000000118,0.2835729896048446,0.870467385005,2.324976000000001,3.227476000000043,9.0,9.0,31.430338648771492,43.32694584214625,2.041403010395156,2.357008614995043
17.85000000000012,0.2835729896048446,0.870467385005,2.324976000000001,3.242976000000043,9.0,9.0,29.296736289781194,45.17472580229323,2.041403010395156,2.372508614995043
17.90000000000012,0.2835729896048446,0.870467385005,2.324976000000001,3.2584760000000426,9.0,9.0,29.363813456292835,45.63559210704212,2.041403010395156,2.3880086149950426
17.95000000000012,0.21344199656933277,0.9393672824266608,2.324976000000001,3.2739760000000415,9.0,9.0,31.76354013388372,35.76140616473896,2.111534003430668,2.3346087175733805
18.00000000000012,0.21344199656933277,0.9393672824266608,2.324976000000001,3.28947600000004,9.0,9.0,30.005021328266686,43.92862535140926,2.111534003430668,2.350108717573379
18.05000000000012,0.21344199656933277,0.9393672824266608,2.324976000000001,3.304976000000039,9.0,9.0,30.075453349744112,44.38414063096708,2.111534003430668,2.3656087175733784
18.100000000000122,0.10380717633324532,0.9605280869236387,2.324976000000001,3.320476000000039,9.0,9.0,33.89872723394402,40.89167219558379,2.2211688236667557,2.3599479130764003
18.150000000000123,0.10380717633324532,0.9605280869236387,2.324976000000001,3.33597600000004,9.0,9.0,30.786413123844337,44.802740598999335,2.2211688236667557,2.3754479130764015
18.200000000000124,0.10380717633324532,0.9605280869236387,2.324976000000001,3.3514760000000416,9.0,9.0,30.85944916566965,45.25955449090487,2.2211688236667557,2.390947913076403
18.250000000000124,0.12273262619111674,0.9449047419143504,2.324976000000001,3.366976000000043,9.0,9.0,30.62789197832142,45.702292081087855,2.202243373808884,2.4220712580856922
18.300000000000125,0.12273262619111674,0.9449047419143504,2.324976000000001,3.382476000000043,9.0,9.0,31.19760801877304,44.33871324377732,2.202243373808884,2.4375712580856925
18.350000000000126,0.07366708105363212,0.8957451752176393,2.324976000000001,3.3979760000000425,9.0,9.0,33.53251807703908,47.56375055694105,2.2513089189463686,2.502230824782403
18.400000000000126,0.07366708105363212,0.8957451752176393,2.324976000000001,3.4134760000000415,9.0,9.0,31.918958149609672,43.972966938772814,2.2513089189463686,2.517730824782402
18.450000000000127,0.07366708105363212,0.8957451752176393,2.324976000000001,3.4289760000000418,9.0,9.0,31.998780098409785,44.430890352954314,2.2513089189463686,2.5332308247824025
18.500000000000128,0.16452266310709635,0.9373379418319201,2.324976000000001,3.4444760000000434,9.0,9.0,28.37233603151703,43.865434967265756,2.1604533368929046,2.507138058168123
18.55000000000013,0.16452266310709635,0.9373379418319201,2.324976000000001,3.4599760000000455,9.0,9.0,31.32204503085303,47.15670844693594,2.1604533368929046,2.522638058168125
18.60000000000013,0.16452266310709635,0.9373379418319201,2.324976000000001,3.4754760000000466,9.0,9.0,31.396618097667616,47.621810566168364,2.1604533368929046,2.5381380581681263
18.65000000000013,0.17198415410922913,0.9599494245260247,2.324976000000001,3.490976000000047,9.0,9.0,31.186262805132795,44.86347941598434,2.1529918458907717,2.531026575474022
18.70000000000013,0.17198415410922913,0.9599494245260247,2.324976000000001,3.506476000000046,9.0,9.0,31.583795965693717,47.452822884036785,2.1529918458907717,2.5465265754740214
18.75000000000013,0.17735013809073102,0.8237760586911497,2.324976000000001,3.521976000000045,9.0,9.0,31.70448550450233,66.59713747235261,2.14762586190927,2.698199941308895
18.800000000000132,0.17735013809073102,0.8237760586911497,2.324976000000001,3.537476000000043,9.0,9.0,31.429605615787143,53.50260875994035,2.14762586190927,2.713699941308893
18.850000000000133,0.17735013809073102,0.8237760586911497,2.324976000000001,3.552976000000042,9.0,9.0,31.501924969653185,53.98804907018256,2.14762586190927,2.729199941308892
18.900000000000134,0.15958689599249032,0.8393072330335578,2.324976000000001,3.5684760000000417,9.0,9.0,31.4786176776087,56.624973394677795,2.1653891040075104,2.7291687669664837
18.950000000000134,0.15958689599249032,0.8393072330335578,2.324976000000001,3.583976000000043,9.0,9.0,31.053839988439417,58.818225512154854,2.1653891040075104,2.744668766966485
19.000000000000135,0.15958689599249032,0.8393072330335578,2.324976000000001,3.599476000000045,9.0,9.0,31.12079275543996,59.31535348423674,2.1653891040075104,2.760168766966487
19.050000000000136,-0.012068405156312356,0.8133273352196531,2.324976000000001,3.6149760000000466,9.0,9.0,37.389252817800354,60.842804786188324,2.337044405156313,2.8016486647803935
19.100000000000136,-0.012068405156312356,0.8133273352196531,2.324976000000001,3.6304760000000473,9.0,9.0,32.26307463318872,60.24675925605774,2.337044405156313,2.8171486647803943
19.150000000000137,-0.012068405156312356,0.8133273352196531,2.324976000000001,3.6459760000000467,9.0,9.0,32.33484530410951,60.74808245088301,2.337044405156313,2.8326486647803937
19.200000000000138,0.059210585093192936,0.7752142055083611,2.324976000000001,3.6614760000000453,9.0,9.0,30.032474635488317,66.32614283743884,2.265765414906808,2.886261794491684
19.25000000000014,0.059210585093192936,0.7752142055083611,2.324976000000001,3.676976000000045,9.0,9.0,32.131697640907966,62.406455206419935,2.265765414906808,2.901761794491684
19.30000000000014,0.059210585093192936,0.7752142055083611,2.324976000000001,3.6924760000000467,9.0,9.0,32.202112407168016,62.91495758158876,2.265765414906808,2.9172617944916857
19.35000000000014,0.16287604498359876,0.7841430410834598,2.324976000000001,3.707976000000049,9.0,9.0,28.74134026122702,62.623436904104345,2.162099955016402,2.923832958916589
19.40000000000014,0.16287604498359876,0.7841430410834598,2.324976000000001,3.7234760000000504,9.0,9.0,31.931834315148787,63.014063153864846,2.162099955016402,2.939332958916591
19.45000000000014,0.15206644173794043,0.674117747239034,2.324976000000001,3.738976000000051,9.0,9.0,32.4101444526675,78.02241006471802,2.1729095582620603,3.064858252761017
19.500000000000142,0.15206644173794043,0.674117747239034,2.324976000000001,3.75447600000005,9.0,9.0,31.883803365807143,67.66972510967398,2.1729095582620603,3.080358252761016
19.550000000000143,0.15206644173794043,0.674117747239034,2.324976000000001,3.769976000000049,9.0,9.0,31.951276513135028,68.19521117155217,2.1729095582620603,3.095858252761015
19.600000000000144,0.3378672357897792,0.6820464094855102,2.324976000000001,3.7854760000000476,9.0,9.0,25.743461804780654,68.24490264059041,1.9871087642102216,3.1034295905145375
19.650000000000144,0.3378672357897792,0.6820464094855102,2.324976000000001,3.8009760000000465,9.0,9.0,31.379446925190194,67.7442541744827,1.9871087642102216,3.1189295905145364
19.700000000000145,0.3378672357897792,0.6820464094855102,2.324976000000001,3.816476000000046,9.0,9.0,31.444869597971753,68.27083880762325,1.9871087642102216,3.134429590514536
19.750000000000146,0.271820945345859,0.65095773351496,2.324976000000001,3.8319760000000467,9.0,9.0,34.60552516263746,68.14563493396918,2.053155054654142,3.181018266485087
19.800000000000146,0.271820945345859,0.65095773351496,2.324976000000001,3.847476000000048,9.0,9.0,32.592803509291834,66.4357465024544,2.053155054654142,3.196518266485088
19.850000000000147,0.271820945345859,0.65095773351496,2.324976000000001,3.8629760000000495,9.0,9.0,32.66499222671934,66.96100195698475,2.053155054654142,3.2120182664850896
19.900000000000148,0.2841671993946864,0.6123005576640485,2.324976000000001,3.87847600000005,9.0,9.0,33.382735593214576,67.48013043144468,2.0408088006053147,3.2661754423360017
19.95000000000015,0.2841671993946864,0.6123005576640485,2.324976000000001,3.89397600000005,9.0,9.0,33.628002728453566,63.98039586183078,2.0408088006053147,3.2816754423360015
20.00000000000015,0.3240709128371684,0.5714133667156771,2.324976000000001,3.9094760000000495,9.0,9.0,32.85635858619494,68.52200158589119,2.0009050871628324,3.3380626332843724
