t,x_actual,y_actual,x_deseada,y_deseada,Ref_Izq,Ref_Der,Vel_Lineal,Vel_Angular,error_x,error_y
0.05,0.3,0.0,0.0249760000000037,-2.3999999996301286e-05,3.1194266720029544,-3.158278351996967,-25.110820095999685,-0.007400319998859513,-0.27502399999999627,-2.3999999996301286e-05
0.1,0.0020008774083445924,0.00010132808283515638,0.041476000000002025,-2.3999999996301286e-05,-3.674125974054812,3.509040686999766,28.732666644218313,-0.031444816581913435,0.03947512259165743,-0.00012532808283145767
0.15000000000000002,0.0020263894462502763,0.00010393535738379958,0.0579760000000009,-2.3999999996301286e-05,-0.24884396210832002,0.23912092436801305,1.9518595459053323,-0.0018520071886299022,0.055949610553750626,-0.00012793535738010086
0.2,0.0020966624855891514,0.00011128906172797853,0.07447600000000089,-2.3999999996301286e-05,-0.25741429104985003,0.23988443158219566,1.9891948905281827,-0.003339020850981783,0.07237933751441174,-0.00013528906172427982
0.25,0.0020966624855891514,0.00011128906172797853,0.09097600000000224,-2.3999999996301286e-05,-0.2576192453573074,0.25166199999741423,2.0371249814188865,-0.0011347134018844173,0.08887933751441308,-0.00013528906172427982
0.3,0.0020966624855891514,0.00011128906172797853,0.10747600000000404,-2.3999999996301286e-05,-0.2628329201432303,0.2568662045490164,2.0787964987689866,-0.0011365172560407412,0.10537933751441489,-0.00013528906172427982
0.35,0.0020966624855891514,0.00011128906172797853,0.12397600000000508,-2.3999999996301286e-05,-0.2680548449291361,0.2620786591006016,2.1205340161189508,-0.0011383211101970649,0.12187933751441593,-0.00013528906172427982
0.39999999999999997,0.002183808941810028,0.00012076037414789426,0.14047600000000446,-2.3999999996301286e-05,-0.27994352022755303,0.2586255141930898,2.1542761376825714,-0.004060572577993002,0.13829219105819443,-0.00014476037414419554
0.44999999999999996,0.002183808941810028,0.00012076037414789426,0.15697600000000306,-2.3999999996301286e-05,-0.278703972037969,0.27229314983868286,2.2039884875066074,-0.0012211089903402077,0.15479219105819303,-0.00014476037414419554
0.49999999999999994,0.002183808941810028,0.00012076037414789426,0.17347600000000227,-2.3999999996301286e-05,-0.283950934746603,0.27752997932112683,2.2459236562709193,-0.0012230391286621304,0.17129219105819224,-0.00014476037414419554
0.5499999999999999,0.002183808941810028,0.00012076037414789426,0.18997600000000311,-2.3999999996301286e-05,-0.2892061474552498,0.2827750588035835,2.2879248250353332,-0.0012249692669840532,0.1877921910581931,-0.00014476037414419554
0.6,0.002183808941810028,0.00012076037414789426,0.20647600000000493,-2.3999999996301286e-05,-0.2944696101638863,0.28802838828602995,2.329991993799665,-0.0012268994053059755,0.2042921910581949,-0.00014476037414419554
0.65,0.002183808941810028,0.00012076037414789426,0.22297600000000647,-2.3999999996301286e-05,-0.29974132287250554,0.29328996776845906,2.3721251625638584,-0.0012288295436278982,0.22079219105819645,-0.00014476037414419554
0.7000000000000001,0.0022784604123275987,0.00013149378391996922,0.23947600000000668,-2.3999999996301286e-05,-0.3126145598311316,0.2887776130936647,2.405568691699185,-0.004540370807136562,0.23719753958767908,-0.0001554937839162705
0.7500000000000001,0.0022784604123275987,0.00013149378391996922,0.2559760000000057,-2.3999999996301286e-05,-0.3105153697311601,0.3035726588198371,2.456352114203989,-0.0013224211259662902,0.2536975395876781,-0.0001554937839162705
0.8000000000000002,0.0022784604123275987,0.00013149378391996922,0.2724760000000041,-2.3999999996301286e-05,-0.3158121607833827,0.3088585653071856,2.498682904362273,-0.001324494376418507,0.2701975395876765,-0.0001554937839162705
0.8500000000000002,0.0024705628014310976,0.00015470266436772937,0.28897600000000234,-2.3999999996301286e-05,-0.33768142183362937,0.293145941946115,2.5233094551189774,-0.00848294855000274,0.28650543719857124,-0.00017870266436403065
0.9000000000000002,0.002661256090461084,0.00017962797929201504,0.3054760000000011,-2.3999999996301286e-05,-0.34484940032210415,0.29650579964757434,2.565420799878714,-0.00920830489038662,0.30281474390954,-0.00020362797928831633
0.9500000000000003,0.005090884878540203,0.0005205132984348727,0.3219760000000008,-2.3999999996301286e-05,-0.5805112371629224,0.01957878120075157,2.400360073454696,-0.10684427732612779,0.3168851151214606,-0.000544513298431174
1.0000000000000002,0.007194724330954916,0.0008277096402552072,0.33847600000000205,-2.3999999996301286e-05,-0.569060468171364,0.04768869186270991,2.4669966401362955,-0.09930890977307696,0.33128127566904714,-0.0008517096402515085
1.0500000000000003,0.007194724330954916,0.0008277096402552072,0.3549760000000039,-2.3999999996301286e-05,-0.356171493302767,0.3185743356863221,2.6989833159563563,-0.007161363355513311,0.347781275669049,-0.0008517096402515085
1.1000000000000003,0.015002293610977768,0.001982016224412609,0.37147600000000525,-2.3999999996301286e-05,-1.2055680624759404,-0.7007032993810072,2.0194590523797324,-0.36309930702037096,0.3564737063890275,-0.00200601622440891
1.1500000000000004,0.017926433637593886,0.0023939054347065928,0.3879760000000049,-2.3999999996301286e-05,-0.6893751438495601,-0.0657782605032956,2.494387533385058,-0.14383874368625824,0.370049566362411,-0.002417905434702894
1.2000000000000004,0.025541950246803558,0.0033812193507692873,0.40447600000000344,-2.3999999996301286e-05,-1.1144266557638758,-0.5904540093569954,2.095890585627522,-0.3247391743087374,0.3789340497531999,-0.0034052193507655886
1.2500000000000004,0.025541950246803558,0.0033812193507692873,0.42097600000000246,-2.3999999996301286e-05,-0.4280646584202735,0.2779650457435926,2.8241188166554645,-0.028590402414605885,0.3954340497531989,-0.0034052193507655886
1.3000000000000005,0.025541950246803558,0.0033812193507692873,0.43747600000000303,-2.3999999996301286e-05,-0.43354605812244884,0.28320808009121434,2.8670165528546527,-0.02863580533928276,0.41193404975319947,-0.0034052193507655886
1.3500000000000005,0.04042872414839349,0.004768804631262324,0.4539760000000048,-2.3999999996301286e-05,-1.3900253430844027,-1.0068018040691236,1.532894156061116,-0.45653850421971925,0.41354727585161133,-0.004792804631258626
1.4000000000000006,0.04042872414839349,0.004768804631262324,0.47047600000000644,-2.3999999996301286e-05,-0.4703171628890394,0.25860133618785835,2.915673996307591,-0.0403268241335583,0.43004727585161295,-0.004792804631258626
1.4500000000000006,0.04042872414839349,0.004768804631262324,0.4869760000000069,-2.3999999996301286e-05,-0.4758644346890427,0.2638131116636735,2.958710185410865,-0.040390728195308416,0.4465472758516134,-0.004792804631258626
1.5000000000000007,0.054399641617715655,0.005755268353678455,0.5034760000000061,-2.3999999996301286e-05,-1.1183278393521139,-0.6909661831191237,1.709446624931961,-0.3446274328516643,0.4490763583822905,-0.005779268353674756
1.5500000000000007,0.07040822933705287,0.006836282033453001,0.5199760000000045,-2.3999999996301286e-05,-1.1941277747984633,-0.8118569987447566,1.5290831042148267,-0.3820923378177562,0.44956777066295167,-0.006860282033449302
1.6000000000000008,0.07237226169490024,0.0069514452313114835,0.5364760000000028,-2.3999999996301286e-05,-0.5990596453998982,0.10876270980197758,2.831289420807503,-0.09338989249484202,0.4641037383051026,-0.006975445231307785
1.6500000000000008,0.07237226169490024,0.0069514452313114835,0.5529760000000015,-2.3999999996301286e-05,-0.5361046835643791,0.22670150342737747,3.0512247479670265,-0.05893393907371461,0.4806037383051012,-0.006975445231307785
1.7000000000000008,0.07237226169490024,0.0069514452313114835,0.569476000000001,-2.3999999996301286e-05,-0.5417536260166405,0.23186216471344717,3.0944631629203503,-0.059026945010132045,0.49710373830510074,-0.006975445231307785
1.7500000000000009,0.07237226169490024,0.0069514452313114835,0.585976000000002,-2.3999999996301286e-05,-0.5474108184689094,0.23703107599952458,3.1377675778737357,-0.05911995094654948,0.5136037383051018,-0.006975445231307785
1.800000000000001,0.09063542179063847,0.006694667932546791,0.6024760000000038,-2.3999999996301286e-05,-0.13406122734101708,0.2388694304917001,1.4917226313308687,0.019963467266796767,0.5118405782093653,-0.0067186679325430924
1.850000000000001,0.09664146532005319,0.006050492164291132,0.6189760000000053,-2.3999999996301286e-05,0.043460715052429544,0.6992575529562108,2.623187351615125,0.14147014628736007,0.5223345346799522,-0.006074492164287433
1.900000000000001,0.09886840714306219,0.005795425186318179,0.6354760000000051,-2.3999999996301286e-05,-0.30483007570734183,0.4454538195439957,3.00113558100535,0.02678547501650551,0.5366075928569429,-0.00581942518631448
1.950000000000001,0.10566965498732783,0.00496744261824082,0.6519760000000039,-2.3999999996301286e-05,0.21243529920290766,0.8664053354182917,2.6158801448615363,0.2054934542135618,0.546306345012676,-0.004991442618237122
2.000000000000001,0.11368368000688955,0.003955056078686672,0.6684760000000027,-2.3999999996301286e-05,0.3903745952115677,1.0229156716655625,2.530164305815979,0.2691981460718343,0.5547923199931132,-0.003979056078682973
2.0500000000000007,0.11679195307962387,0.0036065707033281717,0.684976000000003,-2.3999999996301286e-05,-0.1846102400712143,0.5672482685629001,3.0074340345364576,0.07288343399841635,0.5681840469203792,-0.003630570703324473
2.1000000000000005,0.11679195307962387,0.0036065707033281717,0.7014760000000047,-2.3999999996301286e-05,-0.49958620723238806,0.33310562958520323,3.330767347270365,-0.0317105862185114,0.5846840469203808,-0.003630570703324473
2.1500000000000004,0.13274547052902355,0.002520696623722044,0.7179760000000064,-2.3999999996301286e-05,0.5582177418109391,1.0328822181406352,1.8986579053187846,0.3030666590383951,0.5852305294709829,-0.002544696623718345
2.2,0.14105654957945213,0.002446693242182897,0.7344760000000069,-2.3999999996301286e-05,-0.32593126271947404,0.3263995726309388,2.6093233414016512,8.920188789804616e-05,0.5934194504205548,-0.002470693242179198
2.25,0.14105654957945213,0.002446693242182897,0.7509760000000061,-2.3999999996301286e-05,-0.4832562489875427,0.3669962844478982,3.4010101337417638,-0.022144755150408466,0.609919450420554,-0.002470693242179198
2.3,0.14105654957945213,0.002446693242182897,0.7674760000000045,-2.3999999996301286e-05,-0.4888121829762187,0.3723792699096217,3.4447658115433617,-0.022177697726970855,0.6264194504205524,-0.002470693242179198
2.3499999999999996,0.14105654957945213,0.002446693242182897,0.7839760000000027,-2.3999999996301286e-05,-0.49437636696490234,0.37777050537135287,3.488587489345021,-0.02221064030353324,0.6429194504205505,-0.002470693242179198
2.3999999999999995,0.14105654957945213,0.002446693242182897,0.8004760000000012,-2.3999999996301286e-05,-0.4999488009535936,0.38316999083309156,3.5324751671467407,-0.02224358288009563,0.6594194504205491,-0.002470693242179198
2.4499999999999993,0.14105654957945213,0.002446693242182897,0.8169760000000005,-2.3999999996301286e-05,-0.5055294849422917,0.388577726294837,3.5764288449485147,-0.022276525456658022,0.6759194504205484,-0.002470693242179198
2.499999999999999,0.14105654957945213,0.002446693242182897,0.8334760000000013,-2.3999999996301286e-05,-0.5111184189309995,0.39399371175659237,3.6204485227503675,-0.02230946803322041,0.6924194504205492,-0.002470693242179198
2.549999999999999,0.14105654957945213,0.002446693242182897,0.8499760000000031,-2.3999999996301286e-05,-0.5167156029196976,0.39941794721833795,3.6645342005521426,-0.0223424106097828,0.7089194504205509,-0.002470693242179198
2.5999999999999988,0.14105654957945213,0.002446693242182897,0.8664760000000046,-2.3999999996301286e-05,-0.5223210369083799,0.40485043268006776,3.708685878353791,-0.022375353186345186,0.7254194504205524,-0.002470693242179198
2.6499999999999986,0.15143938682993624,0.0027556800425471606,0.8829760000000046,-2.3999999996301286e-05,-0.6579749798525374,0.04013741493159512,2.7924495791365302,-0.11768334569922712,0.7315366131700685,-0.002779680042543462
2.6999999999999984,0.15143938682993624,0.0027556800425471606,0.8994760000000033,-2.3999999996301286e-05,-0.5370823507416809,0.405704418791476,3.7711470781326275,-0.02502436799051521,0.7480366131700671,-0.002779680042543462
2.7499999999999982,0.15143938682993624,0.0027556800425471606,0.915976000000002,-2.3999999996301286e-05,-0.5427181578497562,0.41114564829657324,3.8154552245853175,-0.025061430391082457,0.7645366131700657,-0.002779680042543462
2.799999999999998,0.15143938682993624,0.0027556800425471606,0.932476000000002,-2.3999999996301286e-05,-0.5483622149578496,0.4165951278016887,3.8598293710381535,-0.025098492791649704,0.7810366131700657,-0.002779680042543462
2.849999999999998,0.1773031004455835,0.005080593251489648,0.9489760000000034,-2.3999999996301286e-05,-2.136760401978353,-1.758817263681064,1.5117725531891566,-0.7420147934589366,0.7716728995544199,-0.005104593251485949
2.8999999999999977,0.19090979118438245,0.00669822769599414,0.9654760000000052,-2.3999999996301286e-05,-1.7545823560394076,-1.0982733185159568,2.6252361500938033,-0.5434010808676885,0.7745662088156228,-0.006722227695990441
2.9499999999999975,0.19090979118438245,0.00669822769599414,0.981976000000006,-2.3999999996301286e-05,-0.63955756287736,0.33400558247785095,3.8942525814208437,-0.058200377218954095,0.7910662088156235,-0.006722227695990441
2.9999999999999973,0.2179753364387317,0.010188897765150709,0.9984760000000054,-2.3999999996301286e-05,-3.1577772348510873,-2.7990118228391774,1.4350616480476395,-1.134626487179098,0.7805006635612737,-0.01021289776514701
3.049999999999997,0.2179753364387317,0.010188897765150709,1.0149760000000039,-2.3999999996301286e-05,-0.719274141255267,0.25957553964303764,3.915398723593219,-0.08756163840232942,0.7970006635612722,-0.01021289776514701
3.099999999999997,0.2179753364387317,0.010188897765150709,1.031476000000002,-2.3999999996301286e-05,-0.7251945930088235,0.2647810885530336,3.9599027262474285,-0.0876978103725314,0.8135006635612704,-0.01021289776514701
3.149999999999997,0.2179753364387317,0.010188897765150709,1.0479760000000005,-2.3999999996301286e-05,-0.7311232947623875,0.26999488746303746,4.0044727289017,-0.08783398234273335,0.8300006635612688,-0.01021289776514701
3.1999999999999966,0.2179753364387317,0.010188897765150709,1.0644759999999995,-2.3999999996301286e-05,-0.7370602465159581,0.2752169363730477,4.049108731556023,-0.08797015431293531,0.8465006635612679,-0.01021289776514701
3.2499999999999964,0.2179753364387317,0.010188897765150709,1.080976,-2.3999999996301286e-05,-0.7430054482695378,0.28044723528306714,4.09381073421042,-0.08810632628313726,0.8630006635612683,-0.01021289776514701
3.2999999999999963,0.2179753364387317,0.010188897765150709,1.0974760000000017,-2.3999999996301286e-05,-0.7489589000231157,0.28568578419308477,4.138578736864802,-0.08824249825333923,0.87950066356127,-0.01021289776514701
3.349999999999996,0.2179753364387317,0.010188897765150709,1.1139760000000032,-2.3999999996301286e-05,-0.7549206017766728,0.29093258310308157,4.183412739519017,-0.08837867022354119,0.8960006635612715,-0.01021289776514701
3.399999999999996,0.2179753364387317,0.010188897765150709,1.1304760000000036,-2.3999999996301286e-05,-0.760890553530217,0.2961876320130653,4.228312742173129,-0.08851484219374316,0.9125006635612719,-0.01021289776514701
3.4499999999999957,0.2179753364387317,0.010188897765150709,1.1469760000000027,-2.3999999996301286e-05,-0.76686875528376,0.3014509309230481,4.273278744827232,-0.08865101416394511,0.929000663561271,-0.01021289776514701
3.4999999999999956,0.2179753364387317,0.010188897765150709,1.163476000000001,-2.3999999996301286e-05,-0.7728552070373138,0.3067224798330417,4.318310747481422,-0.08878718613414707,0.9455006635612694,-0.01021289776514701
3.5499999999999954,0.2179753364387317,0.010188897765150709,1.1799760000000008,-2.3999999996301286e-05,-0.7788499087908938,0.3120022787430614,4.363408750135821,-0.08892335810434902,0.9620006635612691,-0.01021289776514701
3.599999999999995,0.2179753364387317,0.010188897765150709,1.196476000000002,-2.3999999996301286e-05,-0.7848528605444751,0.31729032765308246,4.4085727527902305,-0.08905953007455099,0.9785006635612704,-0.01021289776514701
3.649999999999995,0.2179753364387317,0.010188897765150709,1.2129760000000038,-2.3999999996301286e-05,-0.7908640622980412,0.3225866265630881,4.453802755444517,-0.08919570204475295,0.9950006635612721,-0.01021289776514701
3.699999999999995,0.2179753364387317,0.010188897765150709,1.229476000000005,-2.3999999996301286e-05,-0.7968835140515902,0.3278911754730769,4.499098758098668,-0.0893318740149549,1.011500663561273,-0.01021289776514701
3.7499999999999947,0.2179753364387317,0.010188897765150709,1.2459760000000044,-2.3999999996301286e-05,-0.8029112158051314,0.3332039743830578,4.544460760752757,-0.08946804598515687,1.0280006635612726,-0.01021289776514701
3.7999999999999945,0.2179753364387317,0.010188897765150709,1.262476000000003,-2.3999999996301286e-05,-0.8089471675586801,0.3385250232930463,4.589888763406906,-0.08960421795535883,1.0445006635612712,-0.01021289776514701
3.8499999999999943,0.2179753364387317,0.010188897765150709,1.2789760000000014,-2.3999999996301286e-05,-0.8149913693122376,0.34385432220304335,4.635382766061124,-0.0897403899255608,1.0610006635612697,-0.01021289776514701
3.899999999999994,0.2179753364387317,0.010188897765150709,1.2954759999999996,-2.3999999996301286e-05,-0.8210438210657963,0.34919187111304184,4.680942768715353,-0.08987656189576275,1.0775006635612678,-0.01021289776514701
3.949999999999994,0.2179753364387317,0.010188897765150709,1.3119759999999987,-2.3999999996301286e-05,-0.8271045228193691,0.35453767002305436,4.726568771369694,-0.09001273386596471,1.094000663561267,-0.01021289776514701
3.999999999999994,0.2179753364387317,0.010188897765150709,1.328475999999999,-2.3999999996301286e-05,-0.8331734745729488,0.3598917189330738,4.77226077402409,-0.09014890583616667,1.1105006635612673,-0.01021289776514701
4.049999999999994,0.2179753364387317,0.010188897765150709,1.3449760000000006,-2.3999999996301286e-05,-0.8392506763265245,0.3652540178430891,4.818018776678454,-0.09028507780636864,1.1270006635612688,-0.01021289776514701
4.099999999999993,0.2179753364387317,0.010188897765150709,1.3614760000000024,-2.399999999630129e-05,-0.8453361280800872,0.3706245667530915,4.863842779332715,-0.0904212497765706,1.1435006635612706,-0.01021289776514701
4.149999999999993,0.2179753364387317,0.010188897765150709,1.377976000000003,-2.3999999996301286e-05,-0.8514298298336315,0.3760033656630756,4.909732781986828,-0.09055742174677256,1.1600006635612712,-0.01021289776514701
4.199999999999993,0.2179753364387317,0.010188897765150709,1.394476000000002,-2.399999999630128e-05,-0.8575317815871716,0.38139041457305545,4.955688784640908,-0.09069359371697451,1.1765006635612703,-0.01021289776514701
4.249999999999993,0.2179753364387317,0.010188897765150709,1.4109760000000005,-2.399999999630128e-05,-0.863641983340725,0.3867857134830485,5.001710787295094,-0.09082976568717648,1.1930006635612687,-0.01021289776514701
4.299999999999993,0.2179753364387317,0.010188897765150709,1.427476,-2.399999999630129e-05,-0.8697604350943018,0.3921892623930651,5.047798789949468,-0.09096593765737843,1.2095006635612682,-0.01021289776514701
4.3499999999999925,0.2179753364387317,0.010188897765150709,1.443976000000001,-2.399999999630131e-05,-0.8758871368478837,0.3976010613030866,5.093952792603881,-0.09110210962758039,1.2260006635612692,-0.01021289776514701
4.399999999999992,0.2179753364387317,0.010188897765150709,1.4604760000000028,-2.3999999996301313e-05,-0.8820220886014526,0.4030211102130953,5.1401727952581915,-0.09123828159778236,1.242500663561271,-0.01021289776514701
4.449999999999992,0.2179753364387317,0.010188897765150709,1.4769760000000038,-2.399999999630128e-05,-0.8881652903550034,0.4084494091230858,5.186458797912357,-0.0913744535679843,1.259000663561272,-0.01021289776514701
4.499999999999992,0.2179753364387317,0.010188897765150709,1.4934760000000036,-2.3999999996301204e-05,-0.8943167421085458,0.4138859580330679,5.232810800566455,-0.09151062553818627,1.2755006635612718,-0.01021289776514701
4.549999999999992,0.2179753364387317,0.010188897765150709,1.5099760000000024,-2.399999999630118e-05,-0.9004764438620942,0.41933075694305616,5.279228803220602,-0.09164679750838822,1.2920006635612706,-0.01021289776514701
4.599999999999992,0.2179753364387317,0.010188897765150709,1.5264760000000006,-2.3999999996301306e-05,-0.9066443956156465,0.4247838058530479,5.325712805874778,-0.09178296947859022,1.3085006635612688,-0.01021289776514701
4.6499999999999915,0.2179753364387317,0.010188897765150709,1.542975999999999,-2.399999999630158e-05,-0.9128205973692101,0.4302451047630511,5.372262808529045,-0.09191914144879217,1.3250006635612672,-0.01021289776514701
4.699999999999991,0.2179753364387317,0.010188897765150709,1.5594759999999979,-2.3999999996301685e-05,-0.9190050491227776,0.4357146536730586,5.418878811183345,-0.0920553134189941,1.341500663561266,-0.01021289776514701
4.749999999999991,0.2179753364387317,0.010188897765150709,1.5759759999999978,-2.3999999996301235e-05,-0.9251977508763544,0.4411924525830754,5.465560813837719,-0.09219148538919601,1.358000663561266,-0.01021289776514701
4.799999999999991,0.2179753364387317,0.010188897765150709,1.5924759999999993,-2.3999999996300208e-05,-0.931398702629934,0.44667850149309757,5.512308816492126,-0.09232765735939742,1.3745006635612675,-0.010212897765147009
4.849999999999991,0.2179753364387317,0.010188897765150709,1.608976000000001,-2.399999999629978e-05,-0.9376079043834988,0.45217280040309893,5.559122819146391,-0.0924638293296,1.3910006635612693,-0.010212897765147009
4.899999999999991,0.2179753364387317,0.010188897765150709,1.625476000000002,-2.3999999996301377e-05,-0.9438253561370481,0.45767534931308396,5.606002821800528,-0.09260000129980268,1.4075006635612701,-0.01021289776514701
4.94999999999999,0.2179753364387317,0.010188897765150709,1.6419760000000012,-2.3999999996305192e-05,-0.9500510578905892,0.46318614822306176,5.652948824454604,-0.09273617327000522,1.4240006635612694,-0.010212897765147014
4.99999999999999,0.2179753364387317,0.010188897765150709,1.6584759999999998,-2.3999999996306934e-05,-0.95628500964414,0.46870519713305653,5.699960827108786,-0.09287234524020636,1.440500663561268,-0.010212897765147015
5.04999999999999,0.2179753364387317,0.010188897765150709,1.674975999999999,-2.3999999996301286e-05,-0.9625272113977016,0.4742324960430725,5.747038829763096,-0.09300851721040554,1.4570006635612671,-0.01021289776514701
5.09999999999999,0.2179753364387317,0.010188897765150709,1.691476,-2.3999999996287127e-05,-0.9687776631512812,0.47976804495310715,5.794182832417554,-0.09314468918060459,1.4735006635612682,-0.010212897765146996
5.14999999999999,0.2179753364387317,0.010188897765150709,1.7079760000000017,-2.3999999996280103e-05,-0.975036364904859,0.4853118438631081,5.8413928350718685,-0.0932808611508097,1.49000066356127,-0.01021289776514699
5.1999999999999895,0.2179753364387317,0.010188897765150709,1.7244760000000032,-2.399999999630005e-05,-0.9813033166584427,0.49086389277307674,5.888668837726078,-0.09341703312102209,1.5065006635612714,-0.010212897765147009
5.249999999999989,0.2179753364387317,0.010188897765150709,1.7409760000000032,-2.399999999635254e-05,-0.9875785184120132,0.4964241916830255,5.936010840380154,-0.09355320509123574,1.5230006635612714,-0.010212897765147062
5.299999999999989,0.2179753364387317,0.010188897765150709,1.757476000000002,-2.399999999638065e-05,-0.9938619701655281,0.5019927405930414,5.983418843034278,-0.09368937706142605,1.5395006635612702,-0.01021289776514709
5.349999999999989,0.2179753364387317,0.010188897765150709,1.7739760000000002,-2.3999999996310345e-05,-1.0001536719189765,0.5075695395031357,6.030892845688449,-0.09382554903158873,1.5560006635612684,-0.010212897765147019
5.399999999999989,0.2179753364387317,0.010188897765150709,1.7904759999999982,-2.3999999996115992e-05,-1.0064536236724235,0.5131545884132442,6.078432848342671,-0.09396172100174845,1.5725006635612664,-0.010212897765146825
5.449999999999989,0.2179753364387317,0.010188897765150709,1.8069759999999968,-2.3999999996004272e-05,-1.0127618254260957,0.5187478873231524,6.126038850996992,-0.09409789297198919,1.589000663561265,-0.010212897765146714
5.4999999999999885,0.2179753364387317,0.010188897765150709,1.8234759999999968,-2.3999999996251466e-05,-1.01907827718005,0.5243494362327988,6.173710853651395,-0.09423406494233352,1.605500663561265,-0.01021289776514696
5.549999999999988,0.2179753364387317,0.010188897765150709,1.8399759999999987,-2.399999999697016e-05,-1.025402978934067,0.5299592351423967,6.221448856305855,-0.09437023691269911,1.622000663561267,-0.01021289776514768
5.599999999999988,0.2179753364387317,0.010188897765150709,1.856476000000001,-2.3999999997411603e-05,-1.03173593068728,0.5355772840527472,6.269252858960108,-0.09450640888276814,1.638500663561269,-0.01021289776514812
5.649999999999988,0.2179753364387317,0.010188897765150709,1.8729760000000013,-2.3999999996544797e-05,-1.0380771324394449,0.5412035829640882,6.317122861614132,-0.09464258085244888,1.6550006635612695,-0.010212897765147253
5.699999999999988,0.2179753364387317,0.010188897765150709,1.8894759999999982,-2.3999999993890494e-05,-1.0444265841913234,0.5468381318756768,6.365058864268001,-0.09477875282202793,1.6715006635612664,-0.010212897765144599
5.749999999999988,0.2179753364387317,0.010188897765150709,1.905975999999995,-2.3999999992155124e-05,-1.0507842859460728,0.5524809307844994,6.413060866922289,-0.09491492479268065,1.6880006635612632,-0.010212897765142864
5.799999999999987,0.2179753364387317,0.010188897765150709,1.9224759999999972,-2.3999999995185604e-05,-1.0571502377047035,0.5581319796895905,6.461128869577176,-0.09505109676478343,1.7045006635612654,-0.010212897765145895
5.849999999999987,0.22957813880594033,0.011635315835541398,1.9389760000000076,-2.4000000004976302e-05,-2.1001064860475043,-0.7411171755334953,5.435957242056036,-0.5411854593487618,1.7093978611940672,-0.011659315835546375
5.899999999999987,0.2630251645667348,0.015929840576960157,1.955476000000016,-2.4000000011767565e-05,-4.1872943693064295,-3.3286995254132536,3.4343793755727052,-1.431617884708511,1.6924508354332812,-0.015953840576971925
5.949999999999987,0.2916705507219364,0.019032129514078403,1.9719760000000068,-2.4000000001207663e-05,-3.3680013735478336,-2.40728019942707,3.8428846964830554,-1.1000536329476007,1.6803054492780705,-0.01905612951407961
5.999999999999987,0.3059229979613389,0.020140268249505988,1.9884759999999713,-2.399999996513831e-05,-1.9860185734600402,-0.6983690002570893,5.150598292811804,-0.5113119188032628,1.6825530020386323,-0.020164268249471127
6.0499999999999865,0.3059229979613389,0.020140268249505988,2.004975999999944,-2.399999993866744e-05,-1.2804108766573565,0.33993031243454025,6.481364756367587,-0.17913915509006026,1.6990530020386052,-0.020164268249444655
6.099999999999986,0.3059229979613389,0.020140268249505988,2.021475999999979,-2.3999999975327716e-05,-1.2871306526142967,0.34523858948150155,6.529476968383193,-0.17940801202529433,1.71555300203864,-0.020164268249481317
6.149999999999986,0.3059229979613389,0.020140268249505988,2.03797600000011,-2.400000010804482e-05,-1.2938586785952277,0.3505551165051835,6.577655180401645,-0.17967686896953222,1.7320530020387712,-0.020164268249614033
6.199999999999986,0.3059229979613389,0.020140268249505988,2.054476000000211,-2.400000021085235e-05,-1.3005949544403843,0.3558798936608049,6.625899392404757,-0.17994572586277705,1.7485530020388722,-0.02016426824971684
6.249999999999986,0.3059229979613389,0.020140268249505988,2.070976000000084,-2.4000000084113056e-05,-1.307339480085497,0.361212921010874,6.674209604385484,-0.1802145826808806,1.765053002038745,-0.0201642682495901
6.299999999999986,0.3059229979613389,0.020140268249505988,2.0874759999995973,-2.399999959638157e-05,-1.314092255630304,0.36655419845843473,6.722585816354955,-0.18048343946130843,1.7815530020382584,-0.02016426824910237
6.349999999999985,0.3059229979613389,0.020140268249505988,2.103975999999201,-2.399999919839295e-05,-1.3208532816646736,0.3719037254301884,6.771028028379448,-0.18075229642561624,1.798053002037862,-0.020164268248704383
6.399999999999985,0.3059229979613389,0.020140268249505988,2.120475999999638,-2.3999999634461645e-05,-1.327622558444584,0.37726150167737565,6.819536240487839,-0.18102115366994445,1.8145530020382992,-0.02016426824914045
6.449999999999985,0.3059229979613389,0.020140268249505988,2.136976000001428,-2.4000001424656194e-05,-1.3344000856366751,0.38262752752396867,6.868110452642576,-0.18129001106908696,1.831053002040089,-0.020164268250930643
6.499999999999985,0.3059229979613389,0.020140268249505988,2.153476000002963,-2.4000002960801015e-05,-1.341185861067435,0.3880018050822966,6.9167506645989265,-0.18155886780669303,1.847553002041624,-0.02016426825246679
6.549999999999985,0.3856692486089442,0.0212782927847383,2.1699760000014696,-2.4000001468632088e-05,-1.3470024265445903,-1.449849999960508,-0.41139029366367,-0.5327337955247806,1.7843067513925255,-0.02130229278620693
6.5999999999999845,0.42214432076602415,0.019397780216500553,2.186475999994907,-2.3999994905907884e-05,0.5891112836585886,1.4491451377223608,3.4401354162550892,0.3882393183582761,1.7643316792288828,-0.01942178021140646
6.649999999999984,0.46000341380220944,0.016103296047058416,2.2029759999889955,-2.3999988992781725e-05,1.7954897692079954,2.6127766929703724,3.269147695049508,0.8396698023196891,1.7429725861867862,-0.016127296036051196
6.699999999999984,0.5003480569427282,0.011235521549227804,2.2194759999940707,-2.399999406637724e-05,3.175098700622382,3.9232769733487785,2.992713090905585,1.3520715569468877,1.7191279430513426,-0.011259521543294182
6.749999999999984,0.5003480569427282,0.011235521549227804,2.2359760000181,-2.4000018095080797e-05,-1.1185691174277803,0.5494117544230923,6.6719234874034905,-0.10841092628660724,1.735627943075372,-0.011259521567322885
6.799999999999984,0.5003480569427282,0.011235521549227804,2.2524760000408044,-2.400004079988275e-05,-1.124995510476071,0.5550499892001507,6.720181998704886,-0.10856105167160383,1.7521279430980763,-0.011259521590027686
6.849999999999984,0.5208009765972609,0.008268682229699561,2.2689760000236805,-2.4000023677647002e-05,1.5064564085872227,2.725588815072812,4.876529625942356,0.8061038521257209,1.7481750234264197,-0.008292682253377207
6.8999999999999835,0.5859865090302911,-0.003167971153092369,2.28547599993581,-2.399993580870187e-05,6.0,6.0,0.7356785949546469,3.442395461590899,1.699489490905519,0.003143971217283667
6.949999999999983,0.5859865090302911,-0.003167971153092369,2.3019759998488296,-2.3999848829968677e-05,-0.8012777337948157,0.861344884502678,6.650490473189975,0.011441362039592824,1.7159894908185385,0.0031439713042624
6.999999999999983,0.6550545993977904,-0.018271419018491008,2.3184759999060978,-2.399990609899958e-05,6.0,6.0,0.3095958172571511,4.6685810279299425,1.6634214005083074,0.01824741911239201
7.049999999999983,0.7273016950615623,-0.03711609186660992,2.3349760002270172,-2.400022701757915e-05,6.0,6.0,-0.10945167210270368,5.9484819268913025,1.607674305165455,0.03709209163959234
7.099999999999983,0.7273016950615623,-0.03711609186660992,2.3514760005595035,-2.400055950225007e-05,-0.029183262903199947,1.5809501450210197,6.440533631696878,0.295574644212918,1.6241743054979412,0.037092091307107666
7.149999999999983,0.7273016950615623,-0.03711609186660992,2.367976000370029,-2.4000370026027214e-05,-0.033861065114882405,1.5882255012910238,6.488346265623625,0.29606941641450313,1.6406743053084667,0.03709209149658389
7.199999999999982,0.7273016950615623,-0.03711609186660992,2.3844759991994438,-2.399919944077545e-05,-0.03854670808054972,1.595509505278939,6.536224853437955,0.2965643423235027,1.6571743041378815,0.037092092667169146
7.249999999999982,0.798083806292959,-0.09720778009758277,2.4009759979310528,-2.399793105123034e-05,6.0,6.0,0.03654113889181754,18.82613064533011,1.6028921916380936,0.09718378216653153
7.299999999999982,1.0033133501075233,-0.1479442135207264,2.4174759985495187,-2.399854951866162e-05,6.0,6.0,-12.529894773263333,16.44432932013202,1.4141626484419954,0.14792021497120775
7.349999999999982,1.0760992038613273,-0.06075978000566952,2.4339760028138726,-2.4002813872327105e-05,-6.0,-6.0,-0.7452453863392747,-25.65765925907153,1.3578767989525453,0.060735777191797194
7.399999999999982,1.0760992038613273,-0.06075978000566952,2.4504760076434353,-2.400764343364208e-05,0.5769829529167312,2.040040193084221,5.85222896066996,0.49848059923827664,1.374376803782108,0.06073577236223588
7.4499999999999815,1.0760992038613273,-0.06075978000566952,2.4669760056592835,-2.4005659280158726e-05,0.5732643806699833,2.0480247902011923,5.899041638124835,0.49929317540403345,1.3908768017979563,0.06073577434638936
7.499999999999981,1.0806548892289698,-0.03159690962071948,2.483475990144795,-2.3990144790745036e-05,-6.0,-6.0,5.524500501921278,-8.492165807361943,1.4028211009158251,0.03157291947592874
7.549999999999981,1.0801049928397661,-0.0028076993114269358,2.499975971788645,-2.3971788641620817e-05,-6.0,-6.0,6.032306993879769,-8.619940450720776,1.419870978948879,0.0027837275227853148
7.599999999999981,1.0801049928397661,-0.0028076993114269358,2.516475978010227,-2.3978010224694216e-05,-0.7094962352608227,0.7979574654536139,6.0298148028577465,0.016849758131960203,1.4363709851704607,0.0027837213012022414
7.649999999999981,1.0764442657620963,0.024661529067595726,2.532976034380073,-2.403438007253304e-05,-6.0,-6.0,6.415513860781778,-8.453177053463053,1.4565317686179768,-0.024685563447668257
7.699999999999981,1.0764442657620963,0.024661529067595726,2.5494761040288356,-2.4104028836709328e-05,-1.3250909735117409,0.2082068259814428,6.133191197972734,-0.21273983762481866,1.4730318382667393,-0.024685633096432433
7.7499999999999805,1.0764442657620963,0.024661529067595726,2.5659760851297126,-2.4085129714757196e-05,-1.3317598157367017,0.21333730655666827,6.18038848917348,-0.21303285889143497,1.4895318193676164,-0.024685614197310482
7.79999999999998,1.0710145415123875,0.06968221552169541,2.582475880593029,-2.3880593030489924e-05,-6.0,-6.0,6.729912717438288,-14.095270229554572,1.5114613390806413,-0.0697060961147259
7.84999999999998,1.0705148713241435,0.0805087247032315,2.5989756167550997,-2.3616755099474693e-05,-6.0,-6.0,6.334817332502441,-3.928299929329387,1.5284607454309562,-0.08053234145833098
7.89999999999998,1.0705148713241435,0.0805087247032315,2.6154756715239413,-2.3671523939339963e-05,-2.581236560690164,-0.9969075717619048,6.337315955713037,-0.6815512633242036,1.5449608001997979,-0.08053239622717084
7.94999999999998,1.0705148713241435,0.0805087247032315,2.6319764126622562,-2.441266225436402e-05,-2.590688047537501,-0.9944654957646069,6.384890207091578,-0.6828863892004016,1.5614615413381128,-0.08053313736548587
7.99999999999998,1.0705148713241435,0.0805087247032315,2.64847741055214,-2.5410552139294062e-05,-2.599605608105486,-0.9914882660591813,6.4324693681852185,-0.68401788079327,1.5779625392279966,-0.0805341352553708
8.04999999999998,1.0718908303102912,0.10283145607604506,2.664977263641664,-2.5263641664709073e-05,-6.0,-6.0,6.3526746078061,-7.567761810694488,1.5930864333313728,-0.10285671971770977
8.09999999999998,1.0718908303102912,0.10283145607604506,2.6814745818896837,-2.2581889684405374e-05,-3.1027675241394315,-1.4717904174625378,6.5239084267075755,-0.8713443698289466,1.6095837515793925,-0.10285403796572946
8.14999999999998,1.0785471628727803,0.11803053408295908,2.6979708133315596,-1.8813331558608986e-05,-6.0,-6.0,5.955845766030872,-5.559035435764693,1.6194236504587793,-0.11804934741451768
8.199999999999982,1.0786498578640584,0.1181704171301045,2.714471152059793,-1.9152059789913853e-05,-3.5692007624900874,-1.9207715503687044,6.593716848485533,-1.0457090119731032,1.6358212941957344,-0.11818956918989441
8.249999999999982,1.0812438619718536,0.12066675791369513,2.7309808418789356,-2.8841878931454287e-05,-5.47044802799452,-3.867462941997056,6.411940343989855,-1.7786497085698239,1.649736979907082,-0.12069559979262659
8.299999999999983,1.079909357327175,0.1198970439184241,2.747495053287498,-4.3053287494103904e-05,-2.939513932581762,-1.235235337733087,6.817114379394701,-0.7951903372028284,1.6675856959603232,-0.1199400972059182
8.349999999999984,1.0808491391005248,0.12027616532298359,2.7639945525053933,-4.255250539029865e-05,-3.820665464419581,-2.1566057842863637,6.656238720532868,-1.1385278568963704,1.6831454134048685,-0.12031871782837389
8.399999999999984,1.0898837765106264,0.12254931149905281,2.7804595921601725,-7.5921601710291815e-06,-5.242957216529792,-3.7556719356479515,5.949141123527361,-1.7140246004148083,1.690575815649546,-0.12255690365922384
8.449999999999985,1.0940726048826777,0.12308640402336826,2.796906075717422,4.592428257820986e-05,-3.937675287521881,-2.3323397059557203,6.421342326264643,-1.1942885701862098,1.7028334708347443,-0.12304047974079005
8.499999999999986,1.0940726048826777,0.12308640402336826,2.813405165441681,4.683455831839192e-05,-3.6302356380481333,-1.916983695605805,6.853007769769312,-1.056613206410274,1.7193325605590035,-0.12303956946504988
8.549999999999986,1.0940726048826777,0.12308640402336826,2.830031110992738,-7.911099273763534e-05,-3.771313655170405,-2.0423303529587242,6.915933208846725,-1.1073607634531675,1.7359585061100604,-0.1231655150161059
8.599999999999987,1.1119679254115686,0.12380481188396697,2.846732363606382,-0.0002803636063800314,-4.212664107233255,-2.8838730497817124,5.315164229806172,-1.3517213632409462,1.7347644381948135,-0.124085175490347
8.649999999999988,1.1119679254115686,0.12380481188396697,2.863245872825453,-0.00029387282544886766,-3.6504860986704277,-1.9128493546736727,6.950546975987019,-1.0596829434941144,1.7512779474138842,-0.12409868470941583
8.699999999999989,1.1119679254115686,0.12380481188396697,2.879292850128097,0.000159149871907541,-3.1782512759441532,-1.4421291389483215,6.944488547983328,-0.880072459979519,1.7673249247165286,-0.12364566201205943
8.74999999999999,1.1119679254115686,0.12380481188396697,2.895037039014813,0.0009149609851907931,-2.954818046029066,-1.2131857528563885,6.966529172690708,-0.7939054855019914,1.7830691136032444,-0.12288985089877617
8.79999999999999,1.1205650821457283,0.12301248748483898,2.9114498542909284,0.001002145709074064,-2.969101553759204,-1.3931989664562003,6.303610349212015,-0.8309143848029341,1.7908847721452001,-0.12201034177576492
8.84999999999999,1.1273739348222198,0.11841056786446448,2.9295767843870375,-0.0006247843870348691,-1.6759477258246336,-0.001826446802880466,6.696485116087012,-0.3195760328814312,1.8022028495648177,-0.11903535225149935
8.899999999999991,1.1273739348222198,0.11841056786446448,2.9489115243835387,-0.0034595243835342,-6.0,-4.47665966433684,7.465553969609755,-2.060896727824023,1.8215375895613188,-0.12187009224799868
8.949999999999992,1.1273739348222198,0.11841056786446448,2.965870497221758,-0.003918497221751681,-3.6940245596522283,-1.8903972006210825,7.214509436124584,-1.063699382909202,1.8384965623995384,-0.12232906508621616
8.999999999999993,1.1273739348222198,0.11841056786446448,2.976520101130819,0.0019318988691883103,2.9060780743759667,4.535662566600816,6.5183379688994,1.4174744078051016,1.8491461663085993,-0.11647866899527617
9.049999999999994,1.1410295907923074,0.08771318461838906,2.979219078185328,0.01573292181467896,6.0,6.0,4.421316076916074,13.823129414173161,1.8381894873930207,-0.0719802628037101
9.099999999999994,1.1414965000577488,0.019847725509590436,2.9772702584864725,0.034181741513533065,6.0,6.0,5.137810973446234,27.26568254830354,1.8357737584287237,0.014334016003942629
9.149999999999995,1.1414965000577488,0.019847725509590436,2.974614786073408,0.053337213926597286,6.0,6.0,5.140702552248846,7.198867102947246,1.8331182860156592,0.03348948841700685
9.199999999999996,1.1414965000577488,0.019847725509590436,2.973837352175441,0.07061464782456599,6.0,6.0,5.351233789395536,6.659704416118037,1.832340852117692,0.05076692231497555
9.249999999999996,1.1788509490666788,-0.0927438153945988,2.974337333432837,0.0866146665671722,6.0,6.0,2.0343211328233264,41.078014537281675,1.7954863843661584,0.179358481961771
9.299999999999997,1.1788509490666788,-0.0927438153945988,2.9750581381652332,0.10239386183477739,6.0,6.0,5.419217512674266,7.3879503007513225,1.7962071890985545,0.1951376772293762
9.349999999999998,1.2461729092150287,-0.13589407652299756,2.9752812473254995,0.11867075267451038,6.0,6.0,-0.8552327651062815,21.01379300443161,1.7291083381104708,0.25456482919750795
9.399999999999999,1.275066257375322,-0.13902290638940415,2.975153487680253,0.13529851231975598,6.0,6.0,2.5018275173290894,9.2948674103374,1.7000872303049308,0.27432141870916016
9.45,1.2980543409002323,-0.13593668256078964,2.97495807187607,0.15199392812393842,6.0,6.0,2.977390569771779,7.5631324142467395,1.6769037309758377,0.28793061068472803
9.5,1.2980543409002323,-0.13593668256078964,2.9748942508768303,0.16855774912317917,6.0,6.0,5.0673948850758395,8.582661360513386,1.676839909976598,0.30449443168396884
9.55,1.3712785423141933,-0.05325795150625515,2.974926748710351,0.18502525128966074,-6.0,-6.0,-1.68951191852278,-16.802327719821104,1.6036482063961577,0.2382832027959159
9.600000000000001,1.3712785423141933,-0.05325795150625515,2.9749796692433983,0.20147233075661516,6.0,6.0,4.908708440927516,8.136763241348904,1.603701126929205,0.2547302822628703
9.650000000000002,1.3712785423141933,-0.05325795150625515,2.9749978884571835,0.21795411154283037,6.0,6.0,4.911313879993705,8.290577529917007,1.6037193461429902,0.2712120630490855
9.700000000000003,1.3712785423141933,-0.05325795150625515,2.974989671018586,0.23446232898142655,6.0,6.0,4.91500328372155,8.44099860294616,1.6037111287043926,0.2877202804876817
9.750000000000004,1.3428905265739084,0.02426935185252928,2.9749753294327648,0.2509766705672463,-6.0,-6.0,7.546915779878712,-15.321039504994117,1.6320848028588564,0.22670731871471703
9.800000000000004,1.3428905265739084,0.02426935185252928,2.974970077870833,0.26748192212917676,6.0,6.0,4.999526901532065,8.074546936665508,1.6320795512969244,0.24321257027664747
9.850000000000005,1.3428905265739084,0.02426935185252928,2.974972115827021,0.28397988417298764,6.0,6.0,5.006808713306558,8.212998125705099,1.6320815892531126,0.2597105323204584
9.900000000000006,1.2186696712446723,0.05482235679014597,2.974976097684458,0.3004759023155506,-4.864727971855572,-0.7386196112076711,16.504433442591605,-1.0673043015358559,1.7563064264397859,0.24565354552540464
9.950000000000006,1.2186696712446723,0.05482235679014597,2.9749778470051815,0.3169741529948284,6.0,6.0,5.331331684194756,8.24042590859443,1.7563081757605092,0.26215179620468243
10.000000000000007,1.2186696712446723,0.05482235679014597,2.974977458067256,0.3334745419327556,6.0,6.0,5.338131425839111,8.382392902739687,1.7563077868225838,0.27865218514260964
