t,x_actual,y_actual,x_deseada,y_deseada,Ref_Izq,Ref_Der,Vel_Lineal,Vel_Angular,error_x,error_y
0.05,0.15,0.0,0.0249760000000037,0.0249760000000037,6.0,6.0,-11.235220095999694,15.402532693335614,-0.1250239999999963,0.0249760000000037
0.1,0.15,0.0,0.041476000000002025,0.0249760000000037,0.9033521640001843,1.2890411160001405,1.5427558079998254,0.4175987200000619,-0.10852399999999797,0.0249760000000037
0.15000000000000002,0.0,0.0,0.0579760000000009,0.0249760000000037,-0.8344597539998233,3.0303496740001488,15.459237711999888,0.4182647466667287,0.0579760000000009,0.0249760000000037
0.2,0.0,0.0,0.07447600000000089,0.0249760000000037,0.8495950780001612,1.3497914820001649,2.000785616000015,0.41893077333339546,0.07447600000000089,0.0249760000000037
0.25,0.0,0.0,0.09097600000000224,0.0249760000000037,0.8461416600001429,1.3567415400001837,2.0423995200001626,0.41959680000006216,0.09097600000000224,0.0249760000000037
0.3,0.0,0.0,0.10747600000000404,0.0249760000000037,0.8426799920001378,1.363699848000189,2.084079424000205,0.42026282666672893,0.10747600000000404,0.0249760000000037
0.35,0.0,0.0,0.12397600000000508,0.0249760000000037,0.83921007400015,1.3706664060001779,2.1258253280001114,0.42092885333339575,0.12397600000000508,0.0249760000000037
0.39999999999999997,0.0,0.0,0.14047600000000446,0.0249760000000037,0.8357319060001728,1.3776412140001555,2.1676372319999304,0.4215948800000625,0.14047600000000446,0.0249760000000037
0.44999999999999996,0.0034919438203921682,0.00010917545272346116,0.15697600000000306,0.0249760000000037,0.6958874280175815,1.167511519227156,1.886496364838298,0.3549331328085214,0.1534840561796109,0.024866824547280238
0.49999999999999994,0.0034919438203921682,0.00010917545272346116,0.17347600000000227,0.0249760000000037,0.8250538337678328,1.3857291449924303,2.2427012448983903,0.4211015197638597,0.1699840561796101,0.024866824547280238
0.5499999999999999,0.01537051184755811,0.0021293307217535536,0.18997600000000311,0.0249760000000037,-2.311370851055145,-2.0149003199705624,1.1858821243383315,-0.8240516516239442,0.174605488152445,0.022846669278250145
0.6,0.01537051184755811,0.0021293307217535536,0.20647600000000493,0.0249760000000037,0.7330872714670233,1.3073291886510172,2.296967668735975,0.3886507543081982,0.19110548815244682,0.022846669278250145
0.65,0.01537051184755811,0.0021293307217535536,0.22297600000000647,0.0249760000000037,0.7294264855724296,1.3141885082445661,2.3390480906885456,0.38925999882228485,0.20760548815244836,0.022846669278250145
0.7000000000000001,0.020910676503186648,0.0033589215983308935,0.23947600000000668,0.0249760000000037,-1.2006679292300437,-0.7334911488958578,1.8687071213367443,-0.3684112529763622,0.21856532349682004,0.021617078401672808
0.7500000000000001,0.03344812640247806,0.005720503394035945,0.2559760000000057,0.0249760000000037,-3.008155047507919,-2.6957180634696396,1.2497479361531179,-1.0864520211385826,0.22252787359752763,0.019255496605967756
0.8000000000000002,0.03704433759025355,0.006345686883086242,0.2724760000000041,0.0249760000000037,-0.4041144555940188,0.11780069912340285,2.0876606188696867,-0.05453595361345066,0.23543166240975055,0.018630313116917457
0.8500000000000002,0.04094014586281439,0.006230405340359531,0.28897600000000234,0.0249760000000037,0.767781367937186,1.2910812439307198,2.0931995039741347,0.39216430702245825,0.24803585413718796,0.01874559465964417
0.9000000000000002,0.04565866043315159,0.005891831039427178,0.3054760000000011,0.0249760000000037,1.1410598025875247,1.6534720326142103,2.049648920106743,0.5322917781336638,0.2598173395668495,0.019084168960576523
0.9500000000000003,0.05051583960239833,0.00591483584865536,0.3219760000000008,0.0249760000000037,0.5696863903194538,1.0865268900503215,2.0673619989234715,0.3154691962609096,0.27146016039760246,0.019061164151348342
1.0000000000000002,0.05090775308120414,0.0059383349325241785,0.33847600000000205,0.0249760000000037,0.5138006592170936,1.1414647593055898,2.510656400353984,0.3152886511471778,0.2875682469187979,0.01903766506747952
1.0500000000000003,0.05090775308120414,0.0059383349325241785,0.3549760000000039,0.0249760000000037,0.5424270421051787,1.1895257637137389,2.588394886434241,0.3298957725369367,0.30406824691879974,0.01903766506747952
1.1000000000000003,0.05090775308120414,0.0059383349325241785,0.37147600000000525,0.0249760000000037,0.5384431445364513,1.1961749343919137,2.63092715942185,0.33040344360540286,0.3205682469188011,0.01903766506747952
1.1500000000000004,0.059292538732789696,0.0070807267899596705,0.3879760000000049,0.0249760000000037,-1.2179225131966973,-0.7434477080729311,1.8978992204950642,-0.3735943278608816,0.32868346126721515,0.01789527321004403
1.2000000000000004,0.07648731554079867,0.012006479609778017,0.40447600000000344,0.0249760000000037,-6.0,-6.0,1.1045750291346683,-2.725360931743829,0.32798868445920476,0.012969520390225683
1.2500000000000004,0.08265977180415722,0.014139688973796844,0.42097600000000246,0.0249760000000037,-3.113855371148254,-2.5829163705463407,2.1237560024076516,-1.085099379370399,0.3383162281958452,0.010836311026206856
1.3000000000000005,0.0855953523907407,0.013590979924909229,0.43747600000000303,0.0249760000000037,1.0941394287192465,1.7067377748296368,2.4503933844415604,0.5335004197235969,0.3518806476092623,0.011385020075094471
1.3500000000000005,0.090142777458515,0.011902945069743364,0.4539760000000048,0.0249760000000037,2.977560366501903,3.561726404340715,2.336664151355246,1.245578432541451,0.3638332225414898,0.013073054930260336
1.4000000000000006,0.09092784301288712,0.011505717445962222,0.47047600000000644,0.0249760000000037,0.9154333697716479,1.5944538788475058,2.716082036303432,0.47807376164174353,0.3795481569871193,0.013470282554041478
1.4500000000000006,0.10014155491334681,0.00804063024319941,0.4869760000000069,0.0249760000000037,5.992447136811484,6.0,1.9772669231846178,2.376992572270309,0.3868344450866601,0.01693536975680429
1.5000000000000007,0.10505949194822363,0.007802309927146656,0.5034760000000061,0.0249760000000037,0.869771892207129,1.4683807633401185,2.394435484531958,0.4453624105804281,0.3984165080517825,0.017173690072857045
1.5500000000000007,0.10552820743086967,0.0076480678293780816,0.5199760000000045,0.0249760000000037,0.6900390026683209,1.399189359342396,2.8366014266963004,0.39794825943061274,0.4144477925691349,0.01732793217062562
1.6000000000000008,0.10525806411575246,0.007232381889823188,0.5364760000000028,0.0249760000000037,1.1074729263762653,1.844160163507843,2.9467489485263108,0.562215826644592,0.4312179358842504,0.017743618110180513
1.6500000000000008,0.10506567323159506,0.009960837439241652,0.5529760000000015,0.0249760000000037,-3.9674344001309714,-3.2216159380666123,2.983273848257435,-1.3693429215614445,0.4479103267684064,0.015015162560762048
1.7000000000000008,0.10498596813216286,0.010975225722332548,0.569476000000001,0.0249760000000037,-1.3153235766322005,-0.5612137390051207,3.0164393505083194,-0.3574356791690136,0.4644900318678381,0.014000774277671152
1.7500000000000009,0.10498596813216286,0.010975225722332548,0.585976000000002,0.0249760000000037,0.2788179607880543,1.0419279237098207,3.0524398516870654,0.2515706446662619,0.4809900318678392,0.014000774277671152
1.800000000000001,0.10498596813216286,0.010975225722332548,0.6024760000000038,0.0249760000000037,0.27439301997154875,1.0483129729252,3.0956798118146054,0.2519439986469998,0.4974900318678409,0.014000774277671152
1.850000000000001,0.10498596813216286,0.010975225722332548,0.6189760000000053,0.0249760000000037,0.26995982915505656,1.0547062721405664,3.13898577194204,0.25231735262773775,0.5139900318678424,0.014000774277671152
1.900000000000001,0.10498596813216286,0.010975225722332548,0.6354760000000051,0.0249760000000037,0.26551838833858266,1.0611078213559142,3.1823577320693266,0.2526907066084756,0.5304900318678423,0.014000774277671152
1.950000000000001,0.10498596813216286,0.010975225722332548,0.6519760000000039,0.0249760000000037,0.2610686975220998,1.0675176205712709,3.2257956921966846,0.2530640605892135,0.546990031867841,0.014000774277671152
2.000000000000001,0.1297453575400786,0.05204285968799751,0.6684760000000027,0.0249760000000037,-6.0,-6.0,0.9789570945343393,-25.072698667829194,0.5387306424599241,-0.02706685968799381
2.0500000000000007,0.13667100310263178,0.05790456636260696,0.684976000000003,0.0249760000000037,-6.0,-6.0,2.6101231466983483,-4.047715499542379,0.5483049968973712,-0.03292856636260326
2.1000000000000005,0.13776082217590874,0.05837239092731601,0.7014760000000047,0.0249760000000037,-2.549709915746728,-1.7556779548063663,3.1761278437614457,-0.8200738801053512,0.5637151778240959,-0.03339639092731231
2.1500000000000004,0.13776082217590874,0.05837239092731601,0.7179760000000064,0.0249760000000037,-1.8329307958581658,-1.0034851905912472,3.3177824210676743,-0.5402697117046501,0.5802151778240976,-0.03339639092731231
2.2,0.14379021926910965,0.0564226495741014,0.7344760000000069,0.0249760000000037,1.3852750651875922,2.0861940484549377,2.8036759330693823,0.6612322121223867,0.5906857807308973,-0.03144664957409769
2.25,0.15339869280433246,0.05175117936384185,0.7509760000000061,0.0249760000000037,5.91231279347567,6.0,2.50117817867798,2.3714133584039687,0.5975773071956736,-0.026775179363838147
2.3,0.15536657123519948,0.050862026978621834,0.7674760000000045,0.0249760000000037,-0.09855342362545189,0.7083491963015023,3.227610479707817,0.11615157574781913,0.612109428764805,-0.025886026978618134
2.3499999999999996,0.15536657123519948,0.050862026978621834,0.7839760000000027,0.0249760000000037,-1.5283896392971086,-0.6662686452468882,3.4484839762008814,-0.41803014943695177,0.6286094287648032,-0.025886026978618134
2.3999999999999995,0.15536657123519948,0.050862026978621834,0.8004760000000012,0.0249760000000037,-1.535680465899999,-0.6626018624210042,3.492314413915979,-0.4187204434897149,0.6451094287648017,-0.025886026978618134
2.4499999999999993,0.1787839078287618,0.0515437311333025,0.8169760000000005,0.0249760000000037,-2.3757611991516967,-2.033257812306635,1.3700135473802453,-0.8398131450396823,0.6381920921712387,-0.026567731133298803
2.499999999999999,0.18280538797383505,0.051390765942595576,0.8334760000000013,0.0249760000000037,-1.2787420444949853,-0.4913821420375242,3.149439609829844,-0.337166511720478,0.6506706120261663,-0.026414765942591876
2.549999999999999,0.18640169941970422,0.050516465262315055,0.8499760000000031,0.0249760000000037,-0.115323163912179,0.6903314139243111,3.2226183113459603,0.10952538095469182,0.6635743005802989,-0.025540465262311355
2.5999999999999988,0.18640169941970422,0.050516465262315055,0.8664760000000046,0.0249760000000037,-1.540089358838675,-0.6425251991695575,3.5902566386764705,-0.41573610628728236,0.6800743005803004,-0.025540465262311355
2.6499999999999986,0.18660708420994185,0.05043516818550906,0.8829760000000046,0.0249760000000037,-1.4134015303527099,-0.50957802504209,3.615294021242479,-0.3662818200752,0.6963689157900628,-0.025459168185505362
2.6999999999999984,0.1950699827137316,0.04379310193351087,0.8994760000000033,0.0249760000000037,6.0,6.0,2.8950281648323126,3.6803789998551983,0.7044060172862716,-0.018817101933507167
2.7499999999999982,0.1950699827137316,0.04379310193351087,0.915976000000002,0.0249760000000037,-1.2641795011929302,-0.3389738376322881,3.7008226542425686,-0.305362540728613,0.7209060172862705,-0.018817101933507167
2.799999999999998,0.1983828387594516,0.04021076892848351,0.932476000000002,0.0249760000000037,4.5664372183181055,5.426079678982745,3.4385698426585605,1.9033365518668286,0.7340931612405504,-0.015234768928479813
2.849999999999998,0.1983828387594516,0.04021076892848351,0.9489760000000034,0.0249760000000037,-1.11960487551996,-0.1743600606653396,3.780979259418481,-0.24646951165434275,0.7505931612405518,-0.015234768928479813
2.8999999999999977,0.2091431996828135,0.03496269616217696,0.9654760000000052,0.0249760000000037,6.0,6.0,2.829921205208816,2.9895757156703735,0.7563328003171917,-0.00998669616217326
2.9499999999999975,0.21743635747638,0.03361259483550609,0.981976000000006,0.0249760000000037,1.3823505137398406,2.1512367014839517,3.0755447509764444,0.6730642314711985,0.7645396425236259,-0.00863659483550239
2.9999999999999973,0.21743635747638,0.03361259483550609,0.9984760000000054,0.0249760000000037,-0.8435084324041326,0.12306734533771291,3.866303110967382,-0.1372268737269371,0.7810396425236253,-0.00863659483550239
3.049999999999997,0.21743635747638,0.03361259483550609,1.0149760000000039,0.0249760000000037,-0.8496680138638677,0.1280178035204776,3.910743269537381,-0.1374571829225505,0.7975396425236239,-0.00863659483550239
3.099999999999997,0.21743635747638,0.03361259483550609,1.031476000000002,0.0249760000000037,-0.8558358453236101,0.13297651170324976,3.9552494281074395,-0.1376874921181639,0.814039642523622,-0.00863659483550239
3.149999999999997,0.21713364525210188,0.0331590507502214,1.0479760000000005,0.0249760000000037,-0.13130595209212786,0.8756499674759184,4.027823678272185,0.14177981245405533,0.8308423547478986,-0.008183050750217701
3.1999999999999966,0.21713364525210188,0.0331590507502214,1.0644759999999995,0.0249760000000037,-0.8483851086222834,0.1629196282542723,4.045218947506223,-0.1305648534034307,0.8473423547478977,-0.008183050750217701
3.2499999999999964,0.21779474101596097,0.05059320996635276,1.080976,0.0249760000000037,-6.0,-6.0,4.028770314385345,-10.882312828950205,0.863181258984039,-0.02561720996634906
3.2999999999999963,0.2183184393599703,0.05816927862799336,1.0974760000000017,0.0249760000000037,-6.0,-6.0,4.084593466554496,-5.094611461379834,0.8791575606400314,-0.03319327862798965
3.349999999999996,0.2183184393599703,0.05816927862799336,1.1139760000000032,0.0249760000000037,-1.9654403420118252,-0.9213006050723583,4.176558947757868,-0.5498554184922254,0.8956575606400329,-0.03319327862798965
3.399999999999996,0.21872979734411627,0.060679311052855504,1.1304760000000036,0.0249760000000037,-6.0,-4.986059028182047,4.183405319034859,-2.098660835451964,0.9117462026558874,-0.03570331105285181
3.4499999999999957,0.2187996465687741,0.060727899816913636,1.1469760000000027,0.0249760000000037,-2.1692054674273744,-1.104473169992192,4.258929189740729,-0.6235578356989651,0.9281763534312286,-0.03575189981690993
3.4999999999999956,0.2187996465687741,0.060727899816913636,1.163476000000001,0.0249760000000037,-2.1015951889771207,-1.0240341076337207,4.310244325373601,-0.5953579612592079,0.944676353431227,-0.03575189981690993
3.5499999999999954,0.24590551175544267,0.05894667940527081,1.1799760000000008,0.0249760000000037,1.0871656857880365,1.549150205178006,1.8479380775598784,0.5021554078030557,0.9340704882445581,-0.033970679405267115
3.599999999999995,0.25621015279737935,0.05545092336429422,1.196476000000002,0.0249760000000037,3.746945429919712,4.591769857762187,3.3792977113698983,1.5883267214632188,0.9402658472026227,-0.03047492336429052
3.649999999999995,0.25891369839361766,0.054265326784047795,1.2129760000000038,0.0249760000000037,0.06796312986449882,1.0933890515391531,4.101703686698618,0.22120993931498134,0.9540623016063862,-0.029289326784044094
3.699999999999995,0.25891369839361766,0.054265326784047795,1.229476000000005,0.0249760000000037,-1.8374581560069765,-0.7399193961153744,4.390155039566408,-0.49092905754711447,0.9705623016063872,-0.029289326784044094
3.7499999999999947,0.25891369839361766,0.054265326784047795,1.2459760000000044,0.0249760000000037,-1.8451581900326421,-0.7363198678394755,4.435353288772666,-0.4917101062613557,0.9870623016063867,-0.029289326784044094
3.7999999999999945,0.28499310491898155,0.05270555714639594,1.262476000000003,0.0249760000000037,0.9736759884180468,1.4907180176072303,2.068168116756734,0.46940838210005276,0.9774828950810215,-0.027729557146392237
3.8499999999999943,0.28499310491898155,0.05270555714639594,1.2789760000000014,0.0249760000000037,-1.7839488247417574,-0.6688136658368122,4.460540635619781,-0.46719285534829896,0.9939828950810199,-0.027729557146392237
3.899999999999994,0.28499310491898155,0.05270555714639594,1.2954759999999996,0.0249760000000037,-1.7915513851895433,-0.6650932433895209,4.505832567200089,-0.46793231020553605,1.010482895081018,-0.027729557146392237
3.949999999999994,0.31805589617660723,0.046266786336506584,1.3119759999999987,0.0249760000000037,6.0,6.0,1.4927500562851042,3.5020752682572587,0.9939201038233915,-0.021290786336502884
3.999999999999994,0.3245360672583416,0.043853465724387974,1.328475999999999,0.0249760000000037,2.4678434713481003,3.446406272383629,3.914251204142113,1.1265237607108056,1.0039399327416576,-0.018877465724384274
4.049999999999994,0.3245360672583416,0.043853465724387974,1.3449760000000006,0.0249760000000037,-1.4130263099753133,-0.2773267196679924,4.542798361229283,-0.32197200564634393,1.0204399327416591,-0.018877465724384274
4.099999999999993,0.3245360672583416,0.043853465724387974,1.3614760000000024,0.0249760000000037,-1.4200224525423903,-0.272973422302329,4.588196120960245,-0.3224754047323275,1.0369399327416606,-0.018877465724384274
4.149999999999993,0.33710998541911935,0.04650091485460745,1.377976000000003,0.0249760000000037,-5.567378230398277,-4.699747691611644,3.470522155146531,-1.9556430327637946,1.0408660145808837,-0.02152491485460375
4.199999999999993,0.35387182810520174,0.05329825637724023,1.394476000000002,0.0249760000000037,-6.0,-6.0,3.097116757841296,-4.559622753759046,1.0406041718948003,-0.028322256377236527
4.249999999999993,0.3566745967204389,0.054206499300667635,1.4109760000000005,0.0249760000000037,-3.2844479112565796,-2.1864744841834955,4.391893708292338,-1.0420804562743,1.0543014032795615,-0.029230499300663935
4.299999999999993,0.36965652820280054,0.04981187709215337,1.427476,0.0249760000000037,5.370978157885073,6.0,3.4887954994325563,2.2122200363101494,1.0578194717971994,-0.024835877092149673
4.3499999999999925,0.3724226393441714,0.04678600101562669,1.443976000000001,0.0249760000000037,3.226302782496769,4.338012848924542,4.44684026571109,1.4408220250326307,1.0715533606558296,-0.021810001015622988
4.399999999999992,0.38096836188702016,0.04154032632689123,1.4604760000000028,0.0249760000000037,6.0,6.0,3.9508789637734774,2.8596873884681013,1.0795076381129827,-0.01656432632688753
4.449999999999992,0.3861547694746597,0.040497775929287515,1.4769760000000038,0.0249760000000037,0.3955506198144856,1.4670167637382912,4.285864575695222,0.35477473972433843,1.0908212305253442,-0.015521775929283815
4.499999999999992,0.387328751319887,0.041082970524569565,1.4934760000000036,0.0249760000000037,-2.2453597393607314,-1.0729291076372767,4.689722526893818,-0.632055018475811,1.1061472486801165,-0.016106970524565865
4.549999999999992,0.39321215390109177,0.043845188476230715,1.5099760000000024,0.0249760000000037,-5.747234489572992,-4.673013687176204,4.296883209587152,-1.9848091765236564,1.1167638460989107,-0.018869188476227015
4.599999999999992,0.4055748948317859,0.048934405234757124,1.5264760000000006,0.0249760000000037,-6.0,-6.0,3.728569510226971,-3.4664676307578453,1.1209011051682147,-0.023958405234753424
4.6499999999999915,0.41495638045762295,0.051193399709242915,1.542975999999999,0.0249760000000037,-5.244942516123485,-4.240144803104057,4.019190852077714,-1.8066832989004844,1.1280196195423762,-0.026217399709239215
4.699999999999991,0.41495638045762295,0.051193399709242915,1.5594759999999979,0.0249760000000037,-1.8001316598884545,-0.5727935006681383,4.909352636881265,-0.4519857448679225,1.144519619542375,-0.026217399709239215
4.749999999999991,0.4295636175290134,0.03948684863882092,1.5759759999999978,0.0249760000000037,6.0,6.0,3.604018857307651,6.766667125928607,1.1464123824709844,-0.014510848638817218
4.799999999999991,0.4299195488308829,0.03902364085516918,1.5924759999999993,0.0249760000000037,-0.542938312189996,0.6899733813386821,4.9316467741147125,0.028006679837844994,1.1625564511691164,-0.014047640855165477
4.849999999999991,0.4419474958396298,0.019460732537826934,1.608976000000001,0.0249760000000037,6.0,6.0,3.8970136069905523,11.814022545806841,1.1670285041603714,0.005515267462176766
4.899999999999991,0.44334349292624065,0.016551091916150132,1.625476000000002,0.0249760000000037,4.298751878172313,5.522846287495923,4.896377637294443,1.8707806029844258,1.1821325070737614,0.008424908083853568
4.94999999999999,0.44340939592160966,0.015728982235770083,1.6419760000000012,0.024976000000003697,1.0268067382476098,2.29229814185609,5.0619656144339205,0.6322104533530857,1.1985666040783916,0.009247017764233614
4.99999999999999,0.44717497289047214,0.013436591963040267,1.6584759999999998,0.024976000000003693,3.4806346786840345,4.672053733310469,4.765676218505738,1.552893030856096,1.2113010271095277,0.011539408036963426
5.04999999999999,0.4603833931525314,0.010559936592834131,1.674975999999999,0.0249760000000037,4.632311076171202,5.614537986643786,3.9289076418903353,1.9517807738695214,1.2145926068474675,0.014416063407169569
5.09999999999999,0.4770213195959294,0.01183447007569115,1.691476,0.024976000000003714,-1.9226344809701494,-1.016443208924354,3.624765088183181,-0.5598243218846674,1.2144546804040706,0.013141529924312565
5.14999999999999,0.47882638223918805,0.012592002754483017,1.7079760000000017,0.02497600000000372,-1.3127098499419516,-0.0623656569272788,5.001376772058691,-0.2619191441655677,1.2291496177608137,0.012383997245520703
5.1999999999999895,0.47882638223918805,0.012592002754483017,1.7244760000000032,0.0249760000000037,-0.14481503058316592,1.1577012215225781,5.210065008422976,0.1929307030360785,1.2456496177608152,0.012383997245520683
5.249999999999989,0.49202819907268813,0.031197064008975105,1.7409760000000032,0.024976000000003648,-6.0,-6.0,4.035142742527749,-11.280356298940973,1.248947800927315,-0.006221064008971457
5.299999999999989,0.49394594419225646,0.03591345118660845,1.757476000000002,0.02497600000000362,-6.0,-6.0,5.092218954205816,-3.0260499711512336,1.2635300558077456,-0.01093745118660483
5.349999999999989,0.4950838030584269,0.038908394495780735,1.7739760000000002,0.02497600000000369,-6.0,-4.713369914007373,5.205929638633869,-2.0434709024139455,1.2788921969415732,-0.013932394495777045
5.399999999999989,0.4952256418893919,0.039417029079641744,1.7904759999999982,0.024976000000003884,-2.1391444923202902,-0.8037325307809424,5.341647846157391,-0.5605480044002348,1.2952503581106063,-0.01444102907963786
5.449999999999989,0.4952256418893919,0.039417029079641744,1.8069759999999968,0.024976000000004,-1.346463706802393,0.003763878791793629,5.400910342376747,-0.25575234819249515,1.311750358110605,-0.014441029079637745
5.4999999999999885,0.4952256418893919,0.039417029079641744,1.8234759999999968,0.02497600000000375,-1.3532949540178014,0.008573381934535496,5.447473343809348,-0.2561374423015745,1.3282503581106049,-0.014441029079637995
5.549999999999988,0.508203780677984,0.027530890667496692,1.8399759999999987,0.02497600000000303,6.0,6.0,4.29357259474208,7.073579781436418,1.3317722193220147,-0.0025548906674936617
5.599999999999988,0.5205481594267024,0.01397455048075115,1.856476000000001,0.02497600000000259,6.0,6.0,4.366343762821208,8.301933221296583,1.3359278405732984,0.01100144951925144
5.649999999999988,0.5251490878635208,0.008228529500917835,1.8729760000000013,0.024976000000003457,6.0,6.0,5.098393277448512,3.7119553126941507,1.3478269121364805,0.01674747049908562
5.699999999999988,0.5251490878635208,0.008228529500917835,1.8894759999999982,0.02497600000000611,0.0001739574715997616,1.3899699935741803,5.559184144410322,0.26478932400872,1.3643269121364774,0.016747470499088278
5.749999999999988,0.5361209147056707,-0.004400492733256969,1.905975999999995,0.024976000000007846,6.0,6.0,4.5910195818526764,8.053469741555165,1.3698550852943243,0.029376492733264814
5.799999999999987,0.5361209147056707,-0.004400492733256969,1.9224759999999972,0.024976000000004817,0.5485444799898471,1.9548643344868442,5.625279417987988,0.4768397741860364,1.3863550852943265,0.029376492733261785
5.849999999999987,0.5516263056572768,-0.009704410283308382,1.9389760000000076,0.024975999999995026,6.0,6.0,4.237830153742673,3.7485137409872125,1.3873496943427308,0.03468041028330341
5.899999999999987,0.5659863686617771,-0.008612458540168184,1.955476000000016,0.024975999999988233,-0.8230444470914355,0.26490992040754674,4.351817469995929,-0.10631133841597881,1.3894896313382388,0.03358845854015642
5.949999999999987,0.5686828014521327,-0.008185168928111363,1.9719760000000068,0.024975999999998794,0.07119466943757802,1.4316112394588738,5.441666280085183,0.2862487445517051,1.4032931985478743,0.033161168928110156
5.999999999999987,0.5694788195627,-0.007857854531762581,1.9884759999999713,0.024976000000034863,0.18963734112418718,1.6040472273013429,5.657639544708623,0.3416542035096248,1.4189971804372714,0.03283385453179744
6.0499999999999865,0.5923848403116281,0.0020384906573373014,2.004975999999944,0.024976000000061335,-6.0,-6.0,3.6573746200239707,-5.564091691720388,1.412591159688316,0.02293750934272403
6.099999999999986,0.601793299765792,0.007096612502465958,2.021475999999979,0.024976000000024673,-6.0,-6.0,4.895562718725737,-2.7449829324736776,1.419682700234187,0.017879387497558713
6.149999999999986,0.6094690298809217,0.011728110011359675,2.03797600000011,0.024975999999891956,-6.0,-6.0,5.079283061841777,-2.5658466788830667,1.4285069701191886,0.013247889988532281
6.199999999999986,0.6266593413638051,0.02397028566629277,2.054476000000211,0.02497599999978915,-6.0,-6.0,4.226956226666215,-7.336263008339849,1.427816658636406,0.0010057143334963811
6.249999999999986,0.6324681602100253,0.028774925039939083,2.070976000000084,0.02497599999991589,-6.0,-6.0,5.283772548182096,-2.953919866945839,1.4385078397900586,-0.0037989250400231947
6.299999999999986,0.6337883892704131,0.029835824211499787,2.0874759999995973,0.02497600000040362,-2.6208420840508886,-1.187964632385824,5.731509806660259,-0.7254869936069929,1.453687610729184,-0.004859824211096167
6.349999999999985,0.6353650720049893,0.029932301661260003,2.103975999999201,0.024976000000801607,-1.1089584403204387,0.32894448789836533,5.751611712875216,-0.14857408617563303,1.4686109279942117,-0.004956301660458396
6.399999999999985,0.6353650720049893,0.029932301661260003,2.120475999999638,0.02497600000036554,-0.980989886060151,0.5041860146396674,5.940703602799274,-0.09081978503247308,1.4851109279946488,-0.004956301660894464
6.449999999999985,0.6353650720049893,0.029932301661260003,2.136976000001428,0.024975999998575346,-0.9872438852267922,0.5097461264376666,5.987960046657835,-0.09095195405507155,1.5016109279964387,-0.004956301662684657
6.499999999999985,0.6353650720049893,0.029932301661260003,2.153476000002963,0.0249759999970392,-0.9935061308955689,0.515314491683934,6.035282490318012,-0.09108412175459715,1.5181109279979736,-0.004956301664220803
6.549999999999985,0.6360343382364481,0.02900405647749366,2.1699760000014696,0.02497599999853137,0.5106239727709977,2.015814255318607,6.020761130190437,0.4812263291599247,1.5339416617650214,-0.004028056478962289
6.5999999999999845,0.6364679496095146,-0.003874712088254146,2.186475999994907,0.024976000005094093,6.0,6.0,6.088336070661914,20.200289190452843,1.5500080503853924,0.02885071209334824
6.649999999999984,0.6359944150447696,-0.01597286629474316,2.2029759999889955,0.02497600001100722,6.0,6.0,6.2186809679761765,7.934648447044323,1.566981584944226,0.040948866305750384
6.699999999999984,0.6354465943077275,-0.017614376599519074,2.2194759999940707,0.024976000005933623,3.649745108014244,5.218325706582611,6.274322394273469,1.6891563456374963,1.5840294056863433,0.0425903766054527
6.749999999999984,0.6435701985993927,-0.021067593197861,2.2359760000181,0.02497599998190492,6.0,6.0,5.5212047562452256,2.8349615470407636,1.5924058014187075,0.04604359317976592
6.799999999999984,0.6462409185357257,-0.021663256861645556,2.2524760000408044,0.024975999959200117,2.213832919532348,3.7270735415921736,6.052962488239304,1.131601230690385,1.6062350815050785,0.04663925682084567
6.849999999999984,0.6505542327835336,-0.02222702816545834,2.2689760000236805,0.024975999976322355,2.205433379720291,3.6909507289313073,5.942069396844066,1.1231207826003045,1.6184217672401469,0.04720302814178069
6.8999999999999835,0.6549131796303717,-0.020403228741310488,2.28547599993581,0.0249760000641913,-1.6357010518442034,-0.14199171702132318,5.974837339291521,-0.3386081464505765,1.6305628203054385,0.045379228805501784
6.949999999999983,0.660192984835053,-0.017501130305191858,2.3019759998488296,0.024976000151170033,-3.4519829719024973,-1.9703385450441784,5.926577707433276,-1.0328231460850812,1.6417830150137767,0.042477130456361895
6.999999999999983,0.6755061996519536,-0.002782621788504712,2.3184759999060978,0.024976000093901003,-6.0,-6.0,5.03310970195113,-8.36723755617891,1.6429698002541442,0.027758621882405715
7.049999999999983,0.6901355528354116,0.015172665143564551,2.3349760002270172,0.024975999772982423,-6.0,-6.0,5.105913257035349,-10.608298160307696,1.6448404473916056,0.009803334629417872
7.099999999999983,0.6938755935592816,0.018695885569509074,2.3514760005595035,0.02497599944049775,-6.0,-4.504418944609232,6.124481675054718,-2.007611106282313,1.657600407000222,0.006280113870988677
7.149999999999983,0.6938755935592816,0.018695885569509074,2.367976000370029,0.024975999629973974,-0.5340952273076308,1.093162692326311,6.509031678535767,0.10648904095593908,1.6741004068107475,0.0062801140604649
7.199999999999982,0.6938755935592816,0.018695885569509074,2.3844759991994438,0.024976000800559225,-0.5396552412334537,1.0996057514555724,6.557043970756104,0.10665724004230832,1.6906004056401622,0.0062801152310501505
7.249999999999982,0.7167409579596189,0.006746751290220234,2.4009759979310528,0.02497600206894877,6.0,6.0,4.489984709476306,7.475776121680049,1.6842350399714339,0.018229250778728535
7.299999999999982,0.7244566178439713,0.0019240707865300084,2.4174759985495187,0.02497600145048134,6.0,6.0,5.882191272999441,3.2808950543831346,1.6930193807055474,0.023051930663951333
7.349999999999982,0.73441765487797,-0.003990991258187605,2.4339760028138726,0.024975997186127676,6.0,6.0,5.703253378982369,4.035678075142425,1.6995583479359027,0.02896698844431528
7.399999999999982,0.7352643902829427,-0.004776307252714695,2.4504760076434353,0.02497599235656636,1.7295533028406016,3.371936936716464,6.5695345355034505,0.9717124265822982,1.7152116173604925,0.029752299609281052
7.4499999999999815,0.7347166499085854,-0.004975036786934391,2.4669760056592835,0.024975994340719843,0.7946038404802097,2.4807500690426485,6.744584914249756,0.6238769351472111,1.7322593557506982,0.029951031127654234
7.499999999999981,0.7444565061810102,0.007172509371697273,2.483475990144795,0.024976009855209258,-6.0,-6.0,5.842556129193847,-6.9858626625267,1.7390194839637847,0.017803500483511984
7.549999999999981,0.7512379031116359,0.020641737885296475,2.499975971788645,0.02497602821135838,-6.0,-6.0,6.140108838857458,-8.003243029349736,1.7487380686770093,0.004334290326061904
7.599999999999981,0.7534095899954285,0.025904940469232907,2.516475978010227,0.024976021989775308,-6.0,-6.0,6.597858791480628,-3.167392286215221,1.7630663880147983,-0.0009289184794575994
7.649999999999981,0.7542362509185178,0.026617678197570105,2.532976034380073,0.02497596561992747,-2.024471020997792,-0.3331672432640007,6.765215110935166,-0.4490739550974844,1.7787397834615555,-0.0016417125776426351
7.699999999999981,0.7594944110268305,0.025281783916796273,2.5494761040288356,0.024975895971163294,1.3059832556541164,2.9063945950527255,6.401645357594437,0.8023576858489222,1.7899816930020052,-0.0003058879456329794
7.7499999999999805,0.7594944110268305,0.025281783916796273,2.5659760851297126,0.024975914870285245,-0.8630944535998286,0.8677417608907405,6.9233448579622765,0.0008852013887451114,1.8064816741028822,-0.00030586904651102795
7.79999999999998,0.7594944110268305,0.025281783916796273,2.582475880593029,0.02497611940696951,-0.8688115237561684,0.8741548946565727,6.9718656736509645,0.0010177849334103374,1.8229814695661983,-0.0003056645098267613
7.84999999999998,0.7986079676429931,0.014405672125326438,2.5989756167550997,0.024976383244900528,6.0,6.0,3.4023096193960125,6.708258861013031,1.8003676491121066,0.01057071111957409
7.89999999999998,0.8098834158902871,0.012124611113394386,2.6154756715239413,0.024976328476060662,3.4309785979746055,4.912994152462166,5.928062217950243,1.5893281429403374,1.805592255633654,0.012851717362666276
7.94999999999998,0.8162083773894714,0.01151600993576004,2.6319764126622562,0.024975587337745637,0.7632603795438775,2.3648566542654947,6.406385098886469,0.59583181596369,1.815768035272785,0.013459577401985598
7.99999999999998,0.8275359286889276,0.016634707749984566,2.64847741055214,0.02497458944786071,-6.0,-6.0,5.976384215477496,-2.925752218789024,1.8209414818632124,0.008339881697876143
8.04999999999998,0.8325616242919881,0.020652786450646436,2.664977263641664,0.024974736358335293,-6.0,-5.297218910003514,6.5794257518091115,-2.331294144373201,1.832415639349676,0.004321949907688857
8.09999999999998,0.8443623054201033,0.03273889250951122,2.6814745818896837,0.024977418110315595,-6.0,-6.0,5.9884829759816185,-7.371813800537965,1.8371122764695804,-0.007761474399195622
8.14999999999998,0.8452341703508884,0.03321494922884794,2.6979708133315596,0.02498118666844139,-1.9625042452495167,-0.20788471406502163,7.018478124737981,-0.41340742082181686,1.852736642980671,-0.00823376256040655
8.199999999999982,0.8452341703508884,0.03321494922884794,2.714471152059793,0.024980847940210087,-1.2381292260887322,0.5484157913569121,7.146180069782577,-0.13137398756796576,1.8692369817089043,-0.008234101288637854
8.249999999999982,0.8452341703508884,0.03321494922884794,2.7309808418789356,0.024971158121068548,-1.2637942080586355,0.5352184006437165,7.196050434809408,-0.13877634426950836,1.885746671528047,-0.008243791107779393
8.299999999999983,0.8452341703508884,0.03321494922884794,2.747495053287498,0.0249569467125059,-1.2766773616061946,0.534637918800759,7.245261121627815,-0.14134084624865442,1.9022608829366097,-0.008258002516342042
8.349999999999984,0.8478926006781048,0.025721055308338434,2.7639945525053933,0.0249574474946097,6.0,6.0,7.0464477157081005,4.492026764919832,1.9161019518272884,-0.0007636078137287332
8.399999999999984,0.8478926006781048,0.025721055308338434,2.7804595921601725,0.02499240783982897,-0.8579409838065634,0.9747341196155127,7.330700413688304,0.02224631158265701,1.9325669914820676,-0.0007286474685094628
8.449999999999985,0.8478926006781048,0.025721055308338434,2.796906075717422,0.02504592428257821,-0.8374898518022142,1.0070690466847867,7.378235593948004,0.032300799025251896,1.949013475039317,-0.0006751310257602228
8.499999999999986,0.8605710537102991,-0.027601879713800407,2.813405165441681,0.025046834558318392,6.0,6.0,6.261083584694788,32.87255762987313,1.952834111731382,0.0526487142721188
8.549999999999986,0.8671717298181117,-0.04188706011114669,2.830031110992738,0.024920889007262366,6.0,6.0,6.855414860197272,9.591562039911171,1.9628593811746264,0.06680794911840907
8.599999999999987,0.8664949623253795,-0.041087541854357076,2.846732363606382,0.02471963639361997,0.3318422453991854,2.223743936577269,7.567606764712334,0.4867783203764675,1.9802374012810027,0.06580717824797705
8.649999999999988,0.86808841980275,-0.041333971713370526,2.863245872825453,0.024706127174551135,2.4278264315004945,4.2740970040786825,7.385082290312754,1.2765568448722242,1.9951574530227028,0.06604009888792166
8.699999999999989,0.8882204572288596,-0.04335735731230428,2.879292850128097,0.02515914987190754,6.0,6.0,5.661116563230011,2.7407986736810668,1.9910723928992375,0.06851650718421182
8.74999999999999,0.9031922593265347,-0.041831557898952314,2.895037039014813,0.025914960985190794,1.2397245660059026,2.7674705572350673,6.110983964916658,0.7632752615697086,1.9918447796882783,0.06774651888414311
8.79999999999999,0.9041592108177979,-0.04177492944545845,2.9114498542909284,0.026002145709074064,1.91370423798813,3.7892509726586177,7.50218693868195,1.0862771829803328,2.0072906434731306,0.06777707515453252
8.84999999999999,0.9041592108177979,-0.04177492944545845,2.9295767843870375,0.024375215612965132,-1.5431715755248416,0.41659216576709623,7.839054965167752,-0.21458655423957057,2.0254175735692397,0.06615014505842358
8.899999999999991,0.9242524033644698,-0.016149700131267503,2.9489115243835387,0.021540475616465802,-6.0,-6.0,6.137519253364917,-16.734045975171245,2.0246591210190688,0.037690175747733305
8.949999999999992,0.927644215736336,-0.010113770050195467,2.965870497221758,0.021081502778248322,-6.0,-6.0,7.3819183235589785,-3.0825765978103976,2.0382262814854224,0.03119527282844379
8.999999999999993,0.9307926110766622,-0.00544323304659015,2.976520101130819,0.02693189886918831,6.0,6.0,6.700569726116497,2.6251339813957815,2.0457274900541567,0.03237513191577846
9.049999999999994,0.9307926110766622,-0.00544323304659015,2.979219078185328,0.04073292181467897,6.0,6.0,6.15089253991453,11.311864032352984,2.0484264671086656,0.046176154861269116
9.099999999999994,0.9295399620271481,-0.005798413373535288,2.9772702584864725,0.05918174151353307,6.0,6.0,5.798285369422327,14.985412229819554,2.0477302964593243,0.06498015488706836
9.149999999999995,0.9306900560039083,-0.004611618395000591,2.974614786073408,0.07833721392659729,6.0,6.0,5.540876232804835,14.62741062062678,2.0439247300694996,0.08294883232159787
9.199999999999996,0.9306900560039083,-0.004611618395000591,2.973837352175441,0.095614647824566,6.0,6.0,5.855759153636154,14.262481149926648,2.0431472961715325,0.10022626621956658
9.249999999999996,0.9306900560039083,-0.004611618395000591,2.974337333432837,0.11161466656717221,6.0,6.0,5.995125673962212,13.665967642750573,2.0436472774289287,0.1162262849621728
9.299999999999997,0.9160506419729672,0.14631423860788817,2.9750581381652332,0.12739386183477738,-6.0,-6.0,7.373318642099911,-79.2358896543514,2.059007496192266,-0.018920376773110786
9.349999999999998,0.9112277177808065,0.15383040359747277,2.9752812473254995,0.14367075267451038,6.0,6.0,6.456062683797585,7.319954529182805,2.064053529544693,-0.010159650922962393
9.399999999999999,0.9287624906808833,0.12122898183244553,2.975153487680253,0.16029851231975598,6.0,6.0,4.372136802223832,32.450450632247886,2.0463909969993694,0.03906953048731045
9.45,0.9391071029715907,0.08913731843999673,2.97495807187607,0.1769939281239384,6.0,6.0,4.99638495936252,32.99112064718991,2.0358509689044793,0.08785660968394168
9.5,0.9391071029715907,0.08913731843999673,2.9748942508768303,0.19355774912317916,6.0,6.0,5.949912652540029,13.918110900391792,2.0357871479052396,0.10442043068318244
9.55,0.9007653684693133,0.16777534635540745,2.974926748710351,0.2100252512896607,-6.0,-6.0,9.514736973888862,-34.36532787909381,2.074161380241038,0.04224990493425326
9.600000000000001,0.8655303587317063,0.20164884705345734,2.9749796692433983,0.22647233075661516,-6.0,-6.0,9.333284494340644,-7.806357451987071,2.109449310511692,0.024823483703157817
9.650000000000002,0.7855347050907263,0.23685533613133788,2.9749978884571835,0.24295411154283036,-6.0,-6.0,13.566679994161747,-8.892366408384278,2.189463183366457,0.00609877541149248
9.700000000000003,0.8136776659627709,0.22921682804707247,2.974989671018586,0.25946232898142657,6.0,6.0,3.769767093042697,17.23591650891127,2.161312005055815,0.030245500934354103
9.750000000000004,0.8447020777334677,0.21510575771116525,2.9749753294327648,0.27597667056724634,6.0,6.0,3.4408892767133925,21.634643583375116,2.130273251699297,0.060870912856081094
9.800000000000004,0.8392876891961903,0.21803993229719673,2.974970077870833,0.2924819221291768,6.0,6.0,6.743464225402802,11.62888403968141,2.1356823886746423,0.07444198983198005
9.850000000000005,0.8392876891961903,0.21803993229719673,2.974972115827021,0.3089798841729876,6.0,6.0,6.265465480171832,13.661790620567572,2.1356844266308306,0.09093995187579088
9.900000000000006,0.7337990073129346,0.23957128391173926,2.974976097684458,0.3254759023155506,-0.27080642824203927,3.737269483847819,16.032303648359434,0.6602786772582439,2.2411770903715236,0.08590461840381136
9.950000000000006,0.7337990073129346,0.23957128391173926,2.9749778470051815,0.3419741529948284,6.0,6.0,6.547036982756532,13.858487132284369,2.241178839692247,0.10240286908308915
10.000000000000007,0.7337990073129346,0.23957128391173926,2.974977458067256,0.35847454193275563,6.0,6.0,6.555776207056615,14.138161149184974,2.2411784507543215,0.11890325802101637
