t,x_actual,y_actual,x_deseada,y_deseada,Ref_Izq,Ref_Der,Vel_Lineal,Vel_Angular,error_x,error_y
0.05,0.15,0.0,0.0249760000000037,0.0249760000000037,0.6604519270801039,0.6945048145200965,0.13621154975997044,0.2580869984000382,-0.1250239999999963,0.0249760000000037
0.1,0.15,0.0,0.041476000000002025,0.0249760000000037,-0.021802441464992734,0.06552792466499922,0.3493214645199678,0.008328663466667902,-0.10852399999999797,0.0249760000000037
0.15000000000000002,0.15,0.0,0.0579760000000009,0.0249760000000037,-0.02190108063499489,0.06563530543500137,0.35014554427998507,0.008330328533334569,-0.09202399999999909,0.0249760000000037
0.2,0.15,0.0,0.07447600000000089,0.0249760000000037,-0.021999740429998523,0.06574270683000501,0.35096978904001414,0.008331993600001236,-0.0755239999999991,0.0249760000000037
0.25,0.0,0.0,0.09097600000000224,0.0249760000000037,-0.05116110835000148,0.09491281635000798,0.5842956988000378,0.008333658666667902,0.09097600000000224,0.0249760000000037
0.3,0.0,0.0,0.10747600000000404,0.0249760000000037,-0.023134996895001196,0.0668954464950077,0.36012177356003555,0.00833532373333457,0.10747600000000404,0.0249760000000037
0.35,0.0,0.0,0.12397600000000508,0.0249760000000037,-0.023233906064997575,0.06700309726500407,0.3609480133200066,0.008336988800001237,0.12397600000000508,0.0249760000000037
0.39999999999999997,0.0,0.0,0.14047600000000446,0.0249760000000037,-0.023332835859993573,0.06711076866000007,0.36177441807997457,0.008338653866667904,0.14047600000000446,0.0249760000000037
0.44999999999999996,0.0,0.0,0.15697600000000306,0.0249760000000037,-0.023431786279993178,0.06721846067999968,0.3626009878399714,0.00834031893333457,0.15697600000000306,0.0249760000000037
0.49999999999999994,0.0,0.0,0.17347600000000227,0.0249760000000037,-0.02353075732499651,0.067326173325003,0.36342772259999806,0.008341984000001237,0.17347600000000227,0.0249760000000037
0.5499999999999999,0.0,0.0,0.18997600000000311,0.0249760000000037,-0.023629748995000772,0.06743390659500728,0.3642546223600322,0.008343649066667905,0.18997600000000311,0.0249760000000037
0.6,4.5042255641863926e-05,5.009394613329638e-09,0.20647600000000493,0.0249760000000037,-0.02372017017737396,0.06753279761596934,0.3650118711733732,0.008345262369256262,0.20643095774436307,0.024975994990609086
0.65,5.2695228516391746e-05,6.8562645812320175e-09,0.22297600000000647,0.0249760000000037,-0.02382608429188008,0.06764761612859738,0.3658948016819098,0.008346958445089007,0.22292330477149008,0.02497599314373912
0.7000000000000001,9.483926420653099e-05,2.220860871220563e-08,0.23947600000000668,0.0249760000000037,-0.02391877519971059,0.06774831272465892,0.366668351697478,0.008348483338085395,0.23938116073580015,0.024975977791394988
0.7500000000000001,9.483926420653099e-05,2.220860871220563e-08,0.2559760000000057,0.0249760000000037,-0.024025348262703895,0.06786443337794615,0.36755912656260015,0.008350301926712808,0.25588116073579914,0.024975977791394988
0.8000000000000002,9.483926420653099e-05,2.220860871220563e-08,0.2724760000000041,0.0249760000000037,-0.02412444294304023,0.06797226965050947,0.36838685037419877,0.008351966991898902,0.27238116073579755,0.024975977791394988
0.8500000000000002,0.0001832344615531334,8.290092536585892e-08,0.28897600000000234,0.0249760000000037,-0.02420807785810857,0.06806135357838394,0.36907772574597003,0.008353004899100071,0.28879276553844924,0.024975917099078333
0.9000000000000002,0.00023852882104721806,1.404839955699803e-07,0.3054760000000011,0.0249760000000037,-0.0243130432143517,0.06817512295052368,0.3699526646595015,0.008354681854508947,0.30523747117895383,0.02497585951600813
0.9500000000000003,0.00023852882104721806,1.404839955699803e-07,0.3219760000000008,0.0249760000000037,-0.024421055747591288,0.06829490014577941,0.3708638235734828,0.008356922742512023,0.32173747117895357,0.02497585951600813
1.0000000000000002,0.0003120392338879785,2.404161513213812e-07,0.33847600000000205,0.0249760000000037,-0.024508700711855486,0.06838586530644841,0.3715782640732156,0.008357555160874844,0.3381639607661141,0.02497575958385238
1.0500000000000003,0.0003120392338879785,2.404161513213812e-07,0.3549760000000039,0.0249760000000037,-0.024619058267198658,0.0685102108158229,0.37251707633208625,0.008360219533071285,0.35466396076611595,0.02497575958385238
1.1000000000000003,0.0003120392338879785,2.404161513213812e-07,0.37147600000000525,0.0249760000000037,-0.024718276464219237,0.06861817052869784,0.3733457879716683,0.008361884583710209,0.37116396076611724,0.02497575958385238
1.1500000000000004,0.00035600266260590874,3.129333178013716e-07,0.3879760000000049,0.0249760000000037,-0.024810964357801363,0.06871566585647176,0.3741065208570925,0.008362800285461028,0.38761999733739894,0.0249756870666859
1.2000000000000004,0.0004416002759379256,4.815087297747753e-07,0.40447600000000344,0.0249760000000037,-0.024904551322795218,0.06881265618807822,0.37486883004349375,0.00836344854576819,0.4040343997240655,0.024975518491273926
1.2500000000000004,0.0004416002759379256,4.815087297747753e-07,0.42097600000000246,0.0249760000000037,-0.025015455722997154,0.06894115222888068,0.37582643180751135,0.008366799334454006,0.42053439972406453,0.024975518491273926
1.3000000000000005,0.0004416002759379256,4.815087297747753e-07,0.43747600000000303,0.0249760000000037,-0.025114756300265474,0.06904919423762096,0.3766558021515457,0.008368464369020091,0.4370343997240651,0.024975518491273926
1.3500000000000005,0.0004962394041492235,6.08034360335193e-07,0.4539760000000048,0.0249760000000037,-0.025206923133011924,0.06914323844209734,0.37740064630043707,0.008368821963635318,0.4534797605958556,0.024975391965643363
1.4000000000000006,0.0005549136283632683,7.603202790856954e-07,0.47047600000000644,0.0249760000000037,-0.02530595103076611,0.06924938875825179,0.3782213591560716,0.008370178614759177,0.4699210863716432,0.024975239679724613
1.4500000000000006,0.0005549136283632683,7.603202790856954e-07,0.4869760000000069,0.0249760000000037,-0.02541231730184909,0.06937249137395705,0.3791392347032246,0.008373366489925326,0.4864210863716436,0.024975239679724613
1.5000000000000007,0.0006255079862597379,9.660769732809248e-07,0.5034760000000061,0.0249760000000037,-0.025503603727512383,0.06946135676083344,0.3798598419533833,0.0083729053396802,0.5028504920137464,0.02497503392303042
1.5500000000000007,0.0006255079862597379,9.660769732809248e-07,0.5199760000000045,0.0249760000000037,-0.025610842613572566,0.06958813913521182,0.38079592699513753,0.008376627908883667,0.5193504920137448,0.02497503392303042
1.6000000000000008,0.0006255079862597379,9.660769732809248e-07,0.5364760000000028,0.0249760000000037,-0.025710266795751273,0.0696963045792636,0.38162628550005945,0.008378292911145203,0.5358504920137431,0.02497503392303042
1.6500000000000008,0.0007397541064296798,1.3512048487239193e-06,0.5529760000000015,0.0249760000000037,-0.025798022935359703,0.06977190865870744,0.38227972637626856,0.008375978233018616,0.5522362458935718,0.024974648795154975
1.7000000000000008,0.0007397541064296798,1.3512048487239193e-06,0.569476000000001,0.0249760000000037,-0.025908799832932573,0.06991164589681947,0.38328178291900816,0.008381494488359408,0.5687362458935713,0.024974648795154975
1.7500000000000009,0.0007397541064296798,1.3512048487239193e-06,0.585976000000002,0.0249760000000037,-0.026008285814704532,0.07001987300566974,0.3841126352814971,0.008383159464945753,0.5852362458935724,0.024974648795154975
1.800000000000001,0.0007397541064296798,1.3512048487239193e-06,0.6024760000000038,0.0249760000000037,-0.02610779242147347,0.07012812073951696,0.38494365264396174,0.008384824441532095,0.6017362458935741,0.024974648795154975
1.850000000000001,0.0007397541064296798,1.3512048487239193e-06,0.6189760000000053,0.0249760000000037,-0.026207319653239095,0.0702363890983609,0.3857748350064,0.00838648941811844,0.6182362458935756,0.024974648795154975
1.900000000000001,0.0007397541064296798,1.3512048487239193e-06,0.6354760000000051,0.0249760000000037,-0.02630686751000266,0.07034467808220277,0.3866061823688217,0.008388154394704783,0.6347362458935755,0.024974648795154975
1.950000000000001,0.0007397541064296798,1.3512048487239193e-06,0.6519760000000039,0.0249760000000037,-0.026406435991769357,0.07045298769104778,0.38743769473126854,0.008389819371291128,0.6512362458935742,0.024974648795154975
2.000000000000001,0.0008057085170051492,1.6028858854733992e-06,0.6684760000000027,0.0249760000000037,-0.02650007324121373,0.07054171228323852,0.388167142097809,0.008388883627052342,0.6676702914829976,0.024974397114118228
2.0500000000000007,0.0009647567413562652,2.2981749422193597e-06,0.684976000000003,0.0249760000000037,-0.026593486804417577,0.07061936046518194,0.38885138907839806,0.00838588069728845,0.6840112432586467,0.024973701825061482
2.1000000000000005,0.0009647567413562652,2.2981749422193597e-06,0.7014760000000047,0.0249760000000037,-0.026704687249980614,0.0707758043818629,0.38992196652737404,0.008394498501310911,0.7005112432586484,0.024973701825061482
2.1500000000000004,0.0009647567413562652,2.2981749422193597e-06,0.7179760000000064,0.0249760000000037,-0.026804338116213945,0.070884196043735,0.39075413663979575,0.008396163414765914,0.7170112432586502,0.024973701825061482
2.2,0.0010792338322993256,2.875935643909478e-06,0.7344760000000069,0.0249760000000037,-0.026897501388119503,0.07095475639099637,0.39140903111646347,0.008391858095786069,0.7333967661677075,0.02497312406435979
2.25,0.0011366809552461055,3.190256226547681e-06,0.7509760000000061,0.0249760000000037,-0.027000887247425737,0.07108016327894356,0.3923242021054772,0.008396052577431966,0.74983931904476,0.024972809743777153
2.3,0.001209011326808257,3.6091886780026016e-06,0.7674760000000045,0.0249760000000037,-0.027100469866281948,0.0711822609796808,0.393130923383851,0.008396531640647402,0.7662669886731962,0.024972390811325698
2.3499999999999996,0.001209011326808257,3.6091886780026016e-06,0.7839760000000027,0.0249760000000037,-0.02720276812444309,0.0713152935283273,0.39407224661108153,0.008402385791216039,0.7827669886731944,0.024972390811325698
2.3999999999999995,0.001209011326808257,3.6091886780026016e-06,0.8004760000000012,0.0249760000000037,-0.027302522039788512,0.07142378778045669,0.3949052392809808,0.008404050617270129,0.7992669886731929,0.024972390811325698
2.4499999999999993,0.0013032262204196177,4.193620167991192e-06,0.8169760000000005,0.0249760000000037,-0.02739989513317108,0.07149819559774019,0.3955923629236451,0.008399676278965545,0.8156727737795808,0.024971806379835707
2.499999999999999,0.0013422708930405092,4.44866899001592e-06,0.8334760000000013,0.0249760000000037,-0.02750136753877046,0.07162525430093515,0.39650648735882243,0.00840454985945994,0.8321337291069608,0.024971551331013683
2.549999999999999,0.0013422708930405092,4.44866899001592e-06,0.8499760000000031,0.0249760000000037,-0.02760180915398839,0.0717478260222752,0.3973985407050543,0.008408765117768915,0.8486337291069626,0.024971551331013683
2.5999999999999988,0.0013422708930405092,4.44866899001592e-06,0.8664760000000046,0.0249760000000037,-0.027701645549664658,0.07185640246091732,0.3982321920423279,0.008410429887857649,0.8651337291069641,0.024971551331013683
2.6499999999999986,0.0013422708930405092,4.44866899001592e-06,0.8829760000000046,0.0249760000000037,-0.02780150257033832,0.07196499952455683,0.3990660083795806,0.008412094657946383,0.8816337291069641,0.024971551331013683
2.6999999999999984,0.0013422708930405092,4.44866899001592e-06,0.8994760000000033,0.0249760000000037,-0.027901380216014637,0.07207361721319899,0.39989998971685453,0.008413759428035116,0.8981337291069628,0.024971551331013683
2.7499999999999982,0.0013422708930405092,4.44866899001592e-06,0.915976000000002,0.0249760000000037,-0.028001278486694772,0.07218225552684499,0.40073413605415903,0.00841542419812385,0.9146337291069615,0.024971551331013683
2.799999999999998,0.0013422708930405092,4.44866899001592e-06,0.932476000000002,0.0249760000000037,-0.028101197382377967,0.07229091446549404,0.40156844739148806,0.008417088968212586,0.9311337291069615,0.024971551331013683
2.849999999999998,0.0013422708930405092,4.44866899001592e-06,0.9489760000000034,0.0249760000000037,-0.02820113690305904,0.07239959402914098,0.40240292372880004,0.00841875373830132,0.9476337291069629,0.024971551331013683
2.8999999999999977,0.0013422708930405092,4.44866899001592e-06,0.9654760000000052,0.0249760000000037,-0.02830109704873673,0.07250829421778451,0.403237565066085,0.008420418508390055,0.9641337291069647,0.024971551331013683
2.9499999999999975,0.001415279054277907,4.94577595598544e-06,0.981976000000006,0.0249760000000037,-0.02840041651035705,0.07258938549547941,0.40395920802334584,0.00841694647335664,0.9805607209457281,0.024971054224047714
2.9999999999999973,0.001496802214383447,5.5319690658299284e-06,0.9984760000000054,0.0249760000000037,-0.02850116325065502,0.07269316903909254,0.40477732915899023,0.008417524912083337,0.9969791977856219,0.02497046803093787
3.049999999999997,0.0017375106276244778,7.454317896192752e-06,1.0149760000000039,0.0249760000000037,-0.0286065897836151,0.07273382227726105,0.4053616482435046,0.008405187141646848,1.0132384893723794,0.024968545682107508
3.099999999999997,0.0017471281077526546,7.537070203262458e-06,1.031476000000002,0.0249760000000037,-0.028701684903932156,0.07293409036053904,0.40654310105788477,0.008425220086972739,1.0297288718922495,0.02496846292980044
3.149999999999997,0.001776000479663531,7.788242865398882e-06,1.0479760000000005,0.0249760000000037,-0.028802598282741503,0.07303446099266356,0.4073482371016202,0.008425116706651819,1.0461999995203368,0.0249682117571383
3.1999999999999966,0.0018282551356109122,8.253296192049108e-06,1.0644759999999995,0.0249760000000037,-0.028903992756000006,0.07313255159905985,0.4081461774202394,0.008424487398678064,1.0626477448643885,0.02496774670381165
3.2499999999999964,0.001884658236991854,8.770403926518683e-06,1.080976,0.0249760000000037,-0.02900478589957245,0.07323844547804509,0.40897292551047015,0.008425458967328122,1.0790913417630081,0.02496722959607718
3.2999999999999963,0.001884658236991854,8.770403926518683e-06,1.0974760000000017,0.0249760000000037,-0.029101912627051238,0.07337145889194215,0.40989348607597353,0.008432294526645887,1.0955913417630099,0.02496722959607718
3.349999999999996,0.001884658236991854,8.770403926518683e-06,1.1139760000000032,0.0249760000000037,-0.0292020584760475,0.07348034327129703,0.4107296069893781,0.008433959008618958,1.1120913417630114,0.02496722959607718
3.399999999999996,0.001884658236991854,8.770403926518683e-06,1.1304760000000036,0.0249760000000037,-0.029302224950040805,0.07358924827564897,0.4115658929027591,0.00843562349059203,1.1285913417630118,0.02496722959607718
3.4499999999999957,0.001999421830924275,9.871074311302767e-06,1.1469760000000027,0.0249760000000037,-0.029410032336061688,0.07364608243841939,0.41222445909792427,0.008425914305210988,1.1449765781690784,0.0249661289256924
3.4999999999999956,0.001999421830924275,9.871074311302767e-06,1.163476000000001,0.0249760000000037,-0.02950286568548512,0.0738054391281679,0.41323321925461204,0.008438585417653861,1.1614765781690768,0.0249661289256924
3.5499999999999954,0.0020995701536349054,1.0884724215427287e-05,1.1799760000000008,0.0249760000000037,-0.029611185651977838,0.07386750637770836,0.41391476811874484,0.008429775376329626,1.177876429846366,0.024965115275788274
3.599999999999995,0.0021149251851305118,1.1044519802738614e-05,1.196476000000002,0.0249760000000037,-0.029704963654593828,0.07401456982409736,0.41487813391476475,0.008439924984667339,1.1943610748148716,0.024964955480200963
3.649999999999995,0.0021149251851305118,1.1044519802738614e-05,1.2129760000000038,0.0249760000000037,-0.029803917797966567,0.07413065097022199,0.41573827507275424,0.008443187270905796,1.2108610748148734,0.024964955480200963
3.699999999999995,0.0022142221976684806,1.2105991347322749e-05,1.229476000000005,0.0249760000000037,-0.02991376181320154,0.07419164751706628,0.4164216373210713,0.008433882991212331,1.2272617778023365,0.024963894008656378
3.7499999999999947,0.002221232513726079,1.2182771110955975e-05,1.2459760000000044,0.0249760000000037,-0.03000555180280038,0.0743437367966088,0.4173971543976367,0.008445368570249221,1.2437547674862783,0.024963817228892744
3.7999999999999945,0.002221232513726079,1.2182771110955975e-05,1.262476000000003,0.0249760000000037,-0.030105182418708208,0.07445613568613751,0.41824527241938286,0.008447800622367486,1.260254767486277,0.024963817228892744
3.8499999999999943,0.0023350207756148156,1.346297104724107e-05,1.2789760000000014,0.0249760000000037,-0.030218213723482566,0.0745084530323285,0.4189066670232443,0.008436236058827798,1.2766409792243867,0.02496253702895646
3.899999999999994,0.002364601429776736,1.3806248232549677e-05,1.2954759999999996,0.0249760000000037,-0.03030989692150946,0.07465746070752048,0.41986943051611975,0.008447155006859242,1.293111398570223,0.02496219375177115
3.949999999999994,0.0023899681414854823,1.410406578265938e-05,1.3119759999999987,0.0249760000000037,-0.030409989419457457,0.07476815531918088,0.42071257895455333,0.008449174457090175,1.3095860318585133,0.024961895934221042
3.999999999999994,0.0023899681414854823,1.410406578265938e-05,1.328475999999999,0.0249760000000037,-0.03050734224296782,0.07488988022764885,0.4215888898824667,0.008453816758986862,1.3260860318585137,0.024961895934221042
4.049999999999994,0.002479021568485784,1.5174761013280678e-05,1.3449760000000006,0.0249760000000037,-0.030619565726425546,0.07495275478367898,0.4222892820404181,0.008444416963286369,1.3424969784315148,0.02496082523899042
4.099999999999993,0.0024960185147763214,1.5383568099413657e-05,1.3614760000000024,0.0249760000000037,-0.030710983845152064,0.07509779283334164,0.42323510671397485,0.008454630283464683,1.3589799814852261,0.024960616431904288
4.149999999999993,0.0024960185147763214,1.5383568099413657e-05,1.377976000000003,0.0249760000000037,-0.030809165828667485,0.07521567340463017,0.4240993569331906,0.008458382395421463,1.3754799814852268,0.024960616431904288
4.199999999999993,0.0024960185147763214,1.5383568099413657e-05,1.394476000000002,0.0249760000000037,-0.0309096626957655,0.07532490648747936,0.42493827673297946,0.008460046436516926,1.3919799814852256,0.024960616431904288
4.249999999999993,0.0024960185147763214,1.5383568099413657e-05,1.4109760000000005,0.0249760000000037,-0.0310101801878672,0.07543416019533222,0.42577736153279766,0.008461710477612384,1.408479981485224,0.024960616431904288
4.299999999999993,0.0026748968767615067,1.7667618385271692e-05,1.427476,0.0249760000000037,-0.031138015662452705,0.07544682135824335,0.42633934808278423,0.008439772513483932,1.4248011031232384,0.024958332381618428
4.3499999999999925,0.002689163227002217,1.785658696085423e-05,1.443976000000001,0.0249760000000037,-0.031214519636026745,0.07564172177679428,0.4274249656512841,0.008462324217289053,1.4412868367729987,0.024958143413042845
4.399999999999992,0.0027105669556871104,1.814198111784849e-05,1.4604760000000028,0.0249760000000037,-0.03131640807730188,0.07574678368557718,0.4282527670515162,0.008462928687290533,1.4577654330443157,0.02495785801888585
4.449999999999992,0.0027105669556871104,1.814198111784849e-05,1.4769760000000038,0.0249760000000037,-0.03141352988644415,0.07586762393826832,0.4291246152988499,0.008467446486061745,1.4742654330443168,0.02495785801888585
4.499999999999992,0.0027105669556871104,1.814198111784849e-05,1.4934760000000036,0.0249760000000037,-0.03151415071807867,0.07597698002020944,0.42996452295315246,0.008469110343263003,1.4907654330443165,0.02495785801888585
4.549999999999992,0.0027105669556871104,1.814198111784849e-05,1.5099760000000024,0.0249760000000037,-0.031614792174714634,0.07608635672715194,0.4308045956074663,0.00847077420046425,1.5072654330443154,0.02495785801888585
4.599999999999992,0.0028609994919380766,2.021167062835765e-05,1.5264760000000006,0.0249760000000037,-0.03174244845458086,0.07611046687698825,0.4314116613262764,0.008451051128077596,1.5236150005080624,0.024955788329375343
4.6499999999999915,0.002925658979557516,2.1135622664680318e-05,1.542975999999999,0.0249760000000037,-0.03182954259039716,0.07626482951666785,0.43237748842826,0.008463864176432512,1.5400503410204416,0.02495486437733902
4.699999999999991,0.0029631000520210504,2.1680078874299564e-05,1.5594759999999979,0.0249760000000037,-0.03192563030540932,0.07638862197618762,0.43325700912638776,0.008469141270624437,1.5565128999479767,0.0249543199211294
4.749999999999991,0.003009283256209444,2.2361199356352625e-05,1.5759759999999978,0.0249760000000037,-0.032028610249867334,0.07649196885908004,0.4340823164357895,0.00846921116365956,1.5729667167437884,0.024953638800647347
4.799999999999991,0.0030483080016351083,2.2944958380076375e-05,1.5924759999999993,0.0249760000000037,-0.03212840860707649,0.07660459068382461,0.4349319971636044,0.008471653728904405,1.5894276919983643,0.024953055041623623
4.849999999999991,0.003075798526427337,2.3360697030422984e-05,1.608976000000001,0.0249760000000037,-0.032227118357556817,0.07672012738502432,0.43578898297032453,0.008474858862374764,1.6059002014735737,0.024952639302973277
4.899999999999991,0.0031236178108294266,2.4092762195810816e-05,1.625476000000002,0.0249760000000037,-0.032332738329350144,0.0768165922682699,0.43659732239048016,0.008473115035984715,1.6223523821891725,0.02495190723780789
4.94999999999999,0.0031642679724703804,2.4723958211588618e-05,1.6419760000000012,0.024976000000003697,-0.032432539999048424,0.07692931792190909,0.43744743168383005,0.008475576747211553,1.6388117320275308,0.02495127604179211
4.99999999999999,0.0031787958480609113,2.4951520054281454e-05,1.6584759999999998,0.024976000000003693,-0.032527778536048865,0.07705408188674288,0.438327441691167,0.00848120063822743,1.655297204151939,0.02495104847994941
5.04999999999999,0.0032340742889531704,2.582692231201268e-05,1.674975999999999,0.0249760000000037,-0.032638412499787654,0.07713790483532623,0.4391052693404556,0.008476093778197826,1.6717419257110457,0.02495017307769169
5.09999999999999,0.0032573843778662404,2.620059124970291e-05,1.691476,0.024976000000003714,-0.03273228639677346,0.07726619824076841,0.4399939385501675,0.008482649875046658,1.6882186156221337,0.02494979940875401
5.14999999999999,0.003306987146429047,2.7004674664397158e-05,1.7079760000000017,0.02497600000000372,-0.03283993821713589,0.07735857830346399,0.4407940660823995,0.0084797409688244,1.7046690128535726,0.024948995325339323
5.1999999999999895,0.003306987146429047,2.7004674664397158e-05,1.7244760000000032,0.0249760000000037,-0.032929041933700984,0.07749862854763714,0.4417106819253525,0.008489445069321172,1.7211690128535742,0.024948995325339302
5.249999999999989,0.003306987146429047,2.7004674664397158e-05,1.7409760000000032,0.024976000000003648,-0.03302997294578658,0.07760829170807605,0.4425530586154505,0.008491108335674187,1.7376690128535741,0.02494899532533925
5.299999999999989,0.003306987146429047,2.7004674664397158e-05,1.757476000000002,0.02497600000000362,-0.033130924582846,0.07771797549354356,0.44339560030555825,0.008492771602037631,1.754169012853573,0.024948995325339222
5.349999999999989,0.0034121967735642467,2.8750403474570314e-05,1.7739760000000002,0.02497600000000369,-0.03325886554758775,0.07775994220779223,0.4440752310215199,0.008476395554324664,1.770563803226436,0.02494724959652912
5.399999999999989,0.0034121967735642467,2.8750403474570314e-05,1.7904759999999982,0.024976000000003884,-0.033333760032460844,0.0779352189926035,0.4450759161002574,0.008495515992408127,1.7870638032264339,0.024947249596529313
5.449999999999989,0.0034121967735642467,2.8750403474570314e-05,1.8069759999999968,0.024976000000004,-0.033434773718617375,0.07804496421596031,0.44591895173831075,0.008497179142351034,1.8035638032264325,0.024947249596529428
5.4999999999999885,0.0035179253583183245,3.055983390154207e-05,1.8234759999999968,0.02497600000000375,-0.0335644041014058,0.07808516390177622,0.44659827201272806,0.00848014472388008,1.8199580746416784,0.024945440166102208
5.549999999999988,0.0035179253583183245,3.055983390154207e-05,1.8399759999999987,0.02497600000000303,-0.033637785783001986,0.07826227158465746,0.44760022947063777,0.008499902057458186,1.8364580746416803,0.02494544016610149
5.599999999999988,0.0035179253583183245,3.055983390154207e-05,1.856476000000001,0.02497600000000259,-0.03373886152827989,0.07837207823456217,0.44844375905136824,0.008501565086910912,1.8529580746416825,0.02494544016610105
5.649999999999988,0.0035179253583183245,3.055983390154207e-05,1.8729760000000013,0.024976000000003457,-0.03383995789816261,0.0784819055098499,0.4492874536320501,0.008503228116511866,1.869458074641683,0.024945440166101916
5.699999999999988,0.0035179253583183245,3.055983390154207e-05,1.8894759999999982,0.02497600000000611,-0.03394107489333088,0.07859175340985436,0.45013131321274097,0.008504891146004471,1.8859580746416797,0.02494544016610457
5.749999999999988,0.003635895462817812,3.264395418335724e-05,1.905975999999995,0.024976000000007846,-0.034075887787074766,0.0786222329508914,0.45079248295186464,0.008485018126441264,1.9023401045371773,0.02494335604582449
5.799999999999987,0.0037246997189631648,3.425817683728155e-05,1.9224759999999972,0.024976000000004817,-0.03417103762592636,0.07874795713026245,0.45167597902475526,0.008490841810349732,1.9187513002810341,0.024941741823167534
5.849999999999987,0.003726181856779892,3.428544869570967e-05,1.9389760000000076,0.024975999999995026,-0.03424694692806768,0.0789158632203478,0.4526512405936619,0.008508365008053357,1.9352498181432276,0.024941714551299315
5.899999999999987,0.003816597236182412,3.596965007144359e-05,1.955476000000016,0.024975999999988233,-0.0343758749904675,0.0789635841485685,0.453357836556144,0.008492896982495427,1.9516594027638337,0.02494003034991679
5.949999999999987,0.003816597236182412,3.596965007144359e-05,1.9719760000000068,0.024975999999998794,-0.0344498382728171,0.07913469703186878,0.4543381412187435,0.008511401668390796,1.9681594027638245,0.02494003034992735
5.999999999999987,0.00396989171689377,3.8917419282360635e-05,1.9884759999999713,0.024976000000034863,-0.03460133734380778,0.07913500761477538,0.4549453798343326,0.008482603861136685,1.9845061082830775,0.0249370825807525
6.0499999999999865,0.003992337299956655,3.935878081536525e-05,2.004975999999944,0.024976000000061335,-0.03466158654741837,0.07933479863733126,0.4559855407389985,0.008509183255221504,2.0009836626999875,0.024936641219245968
6.099999999999986,0.003992337299956655,3.935878081536525e-05,2.021475999999979,0.024976000000024673,-0.034755492329767025,0.07946060365825869,0.4568643839521028,0.008515259300665077,2.0174836627000223,0.024936641219209306
6.149999999999986,0.003992337299956655,3.935878081536525e-05,2.03797600000011,0.024975999999891956,-0.03485679592263327,0.07957063502491091,0.4577097237901767,0.008516921733767167,2.0339836627001535,0.02493664121907659
6.199999999999986,0.004124294250456406,4.200387009733153e-05,2.054476000000211,0.02497599999978915,-0.03500430175420002,0.07958337175363528,0.4583506940313412,0.008491251428463856,2.0503517057497547,0.024933996129691816
6.249999999999986,0.004124294250456406,4.200387009733153e-05,2.070976000000084,0.02497599999991589,-0.03506095508172728,0.07978761941008117,0.4593942979672338,0.00851936463397217,2.0668517057496274,0.024933996129818555
6.299999999999986,0.004124294250456406,4.200387009733153e-05,2.0874759999995973,0.02497600000040362,-0.035162320721132366,0.07989771214851668,0.46024013147859616,0.008521026938549392,2.083351705749141,0.024933996130306287
6.349999999999985,0.004219150993647752,4.3958438151729235e-05,2.103975999999201,0.024976000000801607,-0.03529834663884837,0.07993642863727013,0.460939101104474,0.008502491809223191,2.099756849005553,0.024932041562649877
6.399999999999985,0.004261433524261893,4.484401646291792e-05,2.120475999999638,0.02497600000036554,-0.035382061702082766,0.08008344091488498,0.46186201046787095,0.008514548421486134,2.116214566475376,0.024931155983902623
6.449999999999985,0.004309782605605383,4.5867481317003045e-05,2.136976000001428,0.024975999998575346,-0.03548656555192915,0.08018763941616118,0.46269681987236133,0.008514490259853718,2.1326662173958226,0.024930132517258344
6.499999999999985,0.004309782605605383,4.5867481317003045e-05,2.153476000002963,0.0249759999970392,-0.035570213155067594,0.0803337456258156,0.46361583512353277,0.008526387137285334,2.1491662173973576,0.0249301325157222
6.549999999999985,0.004309782605605383,4.5867481317003045e-05,2.1699760000014696,0.02497599999853137,-0.035671680824725396,0.0804439420984448,0.4644624916926808,0.008528049766422744,2.1656662173958643,0.02493013251721437
6.5999999999999845,0.004424847301254892,4.8349657601916125e-05,2.186475999994907,0.024976000005094093,-0.035818204745089455,0.08046453571439721,0.46513096183794667,0.008504063041772907,2.1820511526936524,0.024927650347492177
6.649999999999984,0.004502400407987384,5.0059544177210105e-05,2.2029759999889955,0.02497600001100722,-0.035907490111476745,0.08060009399312991,0.4660303364184266,0.0085128769298387,2.1984735995810083,0.024925940466830013
6.699999999999984,0.004502400407987384,5.0059544177210105e-05,2.2194759999940707,0.024976000005933623,-0.035978684474252204,0.0807697695644881,0.4669938161549612,0.008531635255283027,2.2149735995860835,0.02492594046175641
6.749999999999984,0.00456638119723754,5.149256474733227e-05,2.2359760000181,0.02497599998190492,-0.036106717391324025,0.08082877270127838,0.4677419603704096,0.00851848672570559,2.2314096188208628,0.024924507417157588
6.799999999999984,0.004621339236998201,5.273964892332685e-05,2.2524760000408044,0.024975999959200117,-0.03620584207087019,0.08094421411160937,0.46860022472991825,0.008521594674426512,2.247854660803806,0.02492326031027679
6.849999999999984,0.004621339236998201,5.273964892332685e-05,2.2689760000236805,0.024975999976322355,-0.036284982669714194,0.08109759335302272,0.46953030409094765,0.008535735368249244,2.2643546607866822,0.024923260327399027
6.8999999999999835,0.004621339236998201,5.273964892332685e-05,2.28547599993581,0.0249760000641913,-0.03638657376833851,0.08120795405914712,0.4703781113099425,0.00853740576967783,2.280854660698812,0.024923260415267972
6.949999999999983,0.004748446187169103,5.568109031164551e-05,2.3019759998488296,0.024976000151170033,-0.036543394141081195,0.08121387317051237,0.4710290692463743,0.008508662672272606,2.2972275536616604,0.024920319060858388
6.999999999999983,0.004786838079537309,5.658523626821835e-05,2.3184759999060978,0.024976000093901003,-0.03660883683908079,0.08139325408156584,0.4720083636825865,0.00853036518904477,2.3136891618265603,0.024919414857632785
7.049999999999983,0.004825264643324334,5.7497493431660936e-05,2.3349760002270172,0.024975999772982423,-0.036711368578028744,0.08150230566664497,0.47285469697869487,0.008531607064498329,2.330150735583693,0.024918502279550763
7.099999999999983,0.004839116358684531,5.782812648162015e-05,2.3514760005595035,0.02497599944049775,-0.0368025209484059,0.08163231106016232,0.4737393280342729,0.008539007640334557,2.346636884200819,0.024918171314016132
7.149999999999983,0.004852968905066202,5.8159727771429936e-05,2.367976000370029,0.024975999629973974,-0.03690417484098469,0.08174263734751136,0.4745872487539842,0.0085406595250527,2.363123031464963,0.024917839902202546
7.199999999999982,0.004852968905066202,5.8159727771429936e-05,2.3844759991994438,0.024976000800559225,-0.0369994592488284,0.08186474177563949,0.47545680409787155,0.008545768100344967,2.3796230302943777,0.024917841072787796
7.249999999999982,0.004852968905066202,5.8159727771429936e-05,2.4009759979310528,0.02497600206894877,-0.03710152466042179,0.08197492101034132,0.4763057826830524,0.008547313590460862,2.3961230290259867,0.024917842341177342
7.299999999999982,0.004852968905066202,5.8159727771429936e-05,2.4174759985495187,0.02497600145048134,-0.037204375896195296,0.08208436652475976,0.4771549696838202,0.008548569643536088,2.4126230296444526,0.024917841722709912
7.349999999999982,0.004945523289456688,6.0399626472567814e-05,2.4339760028138726,0.024975997186127676,-0.037350333108987416,0.08211488594811085,0.47786087622839307,0.00852658149316637,2.4290304795244158,0.024915597559655108
7.399999999999982,0.005095456465249448,6.411799433679175e-05,2.4504760076434353,0.02497599235656636,-0.03748146727130081,0.08217270905028809,0.47861670528635564,0.008512617481711863,2.445380551178186,0.024911874362229566
7.4499999999999815,0.005124928714706933,6.486197878288672e-05,2.4669760056592835,0.024975994340719843,-0.037524375191491294,0.08238695473269424,0.4796453196967421,0.008545253245943418,2.4618510769445767,0.024911132361936955
7.499999999999981,0.005124928714706933,6.486197878288672e-05,2.483475990144795,0.024976009855209258,-0.03760714759096523,0.08252760814067514,0.4805390229265615,0.008556278199944744,2.478351061430088,0.02491114787642637
7.549999999999981,0.005216717853492314,6.720657255873684e-05,2.499975971788645,0.02497602821135838,-0.037758465363242004,0.08255326032853103,0.48124690276709214,0.00853234189815029,2.494759253935153,0.024908821638799643
7.599999999999981,0.005261971352501504,6.837782232365225e-05,2.516475978010227,0.024976021989775308,-0.037853308552926054,0.08268803279342213,0.48216536538539273,0.008539947474380204,2.5112140066577253,0.024907644167451656
7.649999999999981,0.005321330206680408,6.99294945745341e-05,2.532976034380073,0.02497596561992747,-0.03798294902098688,0.08276520495264435,0.4829926158945249,0.008529953510791898,2.5276547041733926,0.024906036125352936
7.699999999999981,0.005355745686651647,7.08371105092782e-05,2.5494761040288356,0.024975895971163294,-0.038060925464042925,0.08290858763346858,0.483878052390046,0.008542411841795362,2.544120358342184,0.024905058860654014
7.7499999999999805,0.005394898711916174,7.187678613373758e-05,2.5659760851297126,0.024975914870285245,-0.03811408460440378,0.08306507563227052,0.4847166409466972,0.008562093529117474,2.5605811864177963,0.02490403808415151
7.79999999999998,0.00543255140918808,7.288377001813953e-05,2.582475880593029,0.02497611940696951,-0.03814246662291104,0.08324843314872682,0.48556359908655145,0.008591612671583957,2.577043329183841,0.024903235636951373
7.84999999999998,0.005481280877384004,7.419739582781532e-05,2.5989756167550997,0.024976383244900528,-0.03829282988440867,0.08330662989231395,0.4863978391068905,0.008574057144362912,2.5934943358777156,0.024902185849072712
7.89999999999998,0.005528521832468242,7.548210172765442e-05,2.6154756715239413,0.024976328476060662,-0.03858496044492275,0.08322993339737446,0.48725957536918885,0.008503804371895565,2.609947149691473,0.024900846374333006
7.94999999999998,0.005542697575319416,7.586975958472016e-05,2.6319764126622562,0.024975587337745637,-0.0389491947751823,0.08309469884068783,0.48817557446348053,0.008408667441048671,2.626433715086937,0.024899717578160917
7.99999999999998,0.005588337838352109,7.712461234895675e-05,2.64847741055214,0.02497458944786071,-0.038930474164536384,0.08331194287382593,0.4889696681534493,0.008453613087483724,2.642889072713788,0.02489746483551175
8.04999999999998,0.005627632653015274,7.821325083908478e-05,2.664977263641664,0.024974736358335293,-0.03833875713420806,0.08410864035337007,0.4897895899503125,0.008718072994126096,2.6593496309886486,0.024896523107496207
8.09999999999998,0.005627632653015274,7.821325083908478e-05,2.6814745818896837,0.024977418110315595,-0.03736355134062372,0.08529654104666165,0.4906403695491415,0.009130093277340559,2.6758469492366683,0.02489920485947651
8.14999999999998,0.005722869280567616,8.088339487893323e-05,2.6979708133315596,0.02498118666844139,-0.037974773514894714,0.08486785081478133,0.4913704973187042,0.008932014723787927,2.692247944050992,0.02490030327356246
8.199999999999982,0.005780781164091503,8.252899234969945e-05,2.714471152059793,0.024980847940210087,-0.04057546359546181,0.08252916249568266,0.4924185043645779,0.007991180742899211,2.7086903708957015,0.024898318947860387
8.249999999999982,0.005804538120892794,8.320885558143005e-05,2.7309808418789356,0.024971158121068548,-0.0446435658624274,0.07874315098961689,0.49354686740817716,0.006495159071845616,2.725176303758043,0.024887949265487118
8.299999999999983,0.005864044141606906,8.492401427863776e-05,2.747495053287498,0.0249569467125059,-0.04329858254998405,0.08026625482336495,0.494259349493396,0.007041461385405886,2.741631009145891,0.02487202269822726
8.349999999999984,0.005879031155764325,8.535874925050347e-05,2.7639945525053933,0.0249574474946097,-0.034215184698292,0.0894493670863227,0.4946582071384588,0.01052079664533918,2.758115521349629,0.0248720887453592
8.399999999999984,0.005879031155764325,8.535874925050347e-05,2.7804595921601725,0.02499240783982897,-0.019310378617009898,0.1043602359359036,0.494682458211654,0.01619997282264642,2.774580561004408,0.02490704909057847
8.449999999999985,0.005879031155764325,8.535874925050347e-05,2.796906075717422,0.02504592428257821,-0.024038416160103507,0.09991104002933511,0.49579782475775447,0.014451928356044115,2.7910270445616576,0.02496056553332771
8.499999999999986,0.005927122256313422,8.676124877902973e-05,2.813405165441681,0.025046834558318392,-0.05748319869312507,0.06713342693321675,0.4984665025053673,0.001838138712398414,2.807478043185368,0.024960073309539362
8.549999999999986,0.0060512954349576376,9.043544447082509e-05,2.830031110992738,0.024920889007262366,-0.11396806220661583,0.011630864870567373,0.5023957083087328,-0.01949279949258066,2.8239798155577804,0.02483045356279154
8.599999999999987,0.006095862187944001,9.177240925742025e-05,2.846732363606382,0.02471963639361997,-0.09994900761169814,0.02569290842862007,0.5025676641612729,-0.014144018892014871,2.8406365014184383,0.02462786398436255
8.649999999999988,0.006159781430931238,9.368247526708471e-05,2.863245872825453,0.024706127174551135,0.021002400207103242,0.14513239769436892,0.49651998994906277,0.031644723409804225,2.8570860913945215,0.02461244469928405
8.699999999999989,0.006173032622386804,9.407592626295411e-05,2.879292850128097,0.02515914987190754,0.23207316914606657,0.3534404974397303,0.4854693131746548,0.11152641268300892,2.87311981750571,0.025065073945644587
8.74999999999999,0.006216497747666444,9.536038679829765e-05,2.895037039014813,0.025914960985190794,0.19129396280167915,0.3134396046799945,0.48858256751326135,0.0961397271393664,2.8888205412671466,0.025819600598392497
8.79999999999999,0.007527787205691389,0.00014290990848340443,2.9114498542909284,0.026002145709074064,-0.24947056105390342,-0.1213670339998894,0.512414108216056,-0.07063573239119864,2.903922067085237,0.02585923580059066
8.84999999999999,0.007527787205691389,0.00014290990848340443,2.9295767843870375,0.024375215612965132,-1.03826916677548,-0.8982589556339811,0.5600408445659958,-0.368862499506564,2.922048997181346,0.02423230570448173
8.899999999999991,0.010491109739694499,0.00034153170776199843,2.9489115243835387,0.021540475616465802,-0.9356674660101623,-0.7981170280235197,0.5502017519465705,-0.33024466553022513,2.938420414643844,0.021198943908703805
8.949999999999992,0.010491109739694499,0.00034153170776199843,2.965870497221758,0.021081502778248322,0.664260414134947,0.7805063341001875,0.46498367986096256,0.2751936663305018,2.9553793874820635,0.020739971070486325
8.999999999999993,0.010491109739694499,0.00034153170776199843,2.976520101130819,0.02693189886918831,3.6975164604656774,3.770949687694128,0.2937329089138028,1.4225649806018676,2.9660289913911244,0.026590367161426313
9.049999999999994,0.013388081126126716,0.0005046714304585717,2.979219078185328,0.04073292181467897,6.0,6.0,0.14506377171930487,2.387771817720501,2.9658309970592014,0.0402282503842204
9.099999999999994,0.013388081126126716,0.0005046714304585717,2.9772702584864725,0.05918174151353307,6.0,6.0,0.08887535979757782,2.7986638455731616,2.963882177360346,0.0586770700830745
9.149999999999995,0.013388081126126716,0.0005046714304585717,2.974614786073408,0.07833721392659729,6.0,6.0,0.11148691645294836,2.6536227384874502,2.9612267049472814,0.07783254249613872
9.199999999999996,0.013632524758606351,-0.0011273115336465013,2.973837352175441,0.095614647824566,6.0,6.0,0.15003780907300174,2.416658490566544,2.9602048274168347,0.0967419593582125
9.249999999999996,0.013632524758606351,-0.0011273115336465013,2.974337333432837,0.11161466656717221,5.998402109587472,6.0,0.16734981745586885,2.293074604483602,2.960704808674231,0.11274197810081872
9.299999999999997,0.011024585550128002,-0.010169921491213764,2.9750581381652332,0.12739386183477738,6.0,6.0,0.16592405472353225,2.4286754705704574,2.9640335526151054,0.13756378332599115
9.349999999999998,0.011793432812491733,-0.010561591180126404,2.9752812473254995,0.14367075267451038,6.0,6.0,0.15026411081251217,2.4183799514014894,2.963487814513008,0.15423234385463677
9.399999999999999,0.012262927283719915,-0.010440941767542835,2.975153487680253,0.16029851231975598,6.0,6.0,0.14600241958979973,2.450173757155678,2.962890560396533,0.17073945408729882
9.45,0.01214881360099504,-0.010446473126448957,2.97495807187607,0.1769939281239384,6.0,6.0,0.14823133353013548,2.44816211846595,2.962809258275075,0.18744040125038736
9.5,0.01214881360099504,-0.010446473126448957,2.9748942508768303,0.19355774912317916,6.0,6.0,0.15096945009331125,2.4344226742726467,2.9627454372758355,0.2040042222496281
9.55,0.012087154391311139,-0.010620234104749842,2.974926748710351,0.2100252512896607,6.0,6.0,0.1524080482400431,2.4329769275756137,2.96283959431904,0.22064548539441056
9.600000000000001,0.012087154391311139,-0.010620234104749842,2.9749796692433983,0.22647233075661516,6.0,6.0,0.1520355518226805,2.4388193674833203,2.9628925148520873,0.237092564861365
9.650000000000002,0.012087154391311139,-0.010620234104749842,2.9749978884571835,0.24295411154283036,6.0,6.0,0.15128217229256125,2.4495563300225522,2.9629107340658725,0.2535743456475802
9.700000000000003,0.012087154391311139,-0.010620234104749842,2.974989671018586,0.25946232898142657,6.0,6.0,0.1509461369911932,2.4575120977035265,2.962902516627275,0.2700825630861764
9.750000000000004,0.012087154391311139,-0.010620234104749842,2.9749753294327648,0.27597667056724634,6.0,6.0,0.1510455907568619,2.462565704937696,2.9628881750414537,0.28659690467199617
9.800000000000004,0.011171038081918383,-0.009908665097910994,2.974970077870833,0.2924819221291768,6.0,6.0,0.15270782831317078,2.459315522663869,2.9637990397889142,0.3023905872270878
9.850000000000005,0.011519551550881246,-0.01081511997063752,2.974972115827021,0.3089798841729876,6.0,6.0,0.15092646256901013,2.4806300989429584,2.96345256427614,0.3197950041436251
9.900000000000006,0.011927250209877477,-0.010976293527198604,2.974976097684458,0.3254759023155506,6.0,6.0,0.15083552515318693,2.4788294750220214,2.963048847474581,0.3364521958427492
9.950000000000006,0.011927250209877477,-0.010976293527198604,2.9749778470051815,0.3419741529948284,6.0,6.0,0.15141998584240063,2.483119388187981,2.9630505967953042,0.352950446522027
10.000000000000007,0.011927250209877477,-0.010976293527198604,2.974977458067256,0.35847454193275563,6.0,6.0,0.15141431562988136,2.488879356341086,2.963050207857379,0.3694508354599542
