t,x_actual,y_actual,x_deseada,y_deseada,Ref_Izq,Ref_Der,Vel_Lineal,Vel_Angular,error_x,error_y
0.05,0.15,0.0,0.0249760000000037,0.0249760000000037,0.6604519270801039,0.6945048145200965,0.13621154975997044,0.2580869984000382,-0.1250239999999963,0.0249760000000037
0.1,0.0,0.0,0.041476000000002025,0.0249760000000037,-0.05086512896499272,0.09459061216499921,0.5818229645199677,0.008328663466667902,0.041476000000002025,0.0249760000000037
0.15000000000000002,0.0,0.0,0.0579760000000009,0.0249760000000037,-0.022838955634994888,0.06657318043500138,0.35764854427998505,0.008330328533334569,0.0579760000000009,0.0249760000000037
0.2,0.0,0.0,0.07447600000000089,0.0249760000000037,-0.022937802929998526,0.06668076933000501,0.35847428904001416,0.008331993600001236,0.07447600000000089,0.0249760000000037
0.25,0.0,0.0,0.09097600000000224,0.0249760000000037,-0.02303667085000149,0.06678837885000798,0.3593001988000379,0.008333658666667902,0.09097600000000224,0.0249760000000037
0.3,0.0,0.0,0.10747600000000404,0.0249760000000037,-0.0231355593950012,0.0668960089950077,0.36012627356003557,0.00833532373333457,0.10747600000000404,0.0249760000000037
0.35,0.0,0.0,0.12397600000000508,0.0249760000000037,-0.023234468564997578,0.06700365976500408,0.3609525133200066,0.008336988800001237,0.12397600000000508,0.0249760000000037
0.39999999999999997,0.0,0.0,0.14047600000000446,0.0249760000000037,-0.023333398359993575,0.06711133116000007,0.3617789180799746,0.008338653866667904,0.14047600000000446,0.0249760000000037
0.44999999999999996,0.0,0.0,0.15697600000000306,0.0249760000000037,-0.02343234877999318,0.06721902317999967,0.36260548783997143,0.00834031893333457,0.15697600000000306,0.0249760000000037
0.49999999999999994,0.0,0.0,0.17347600000000227,0.0249760000000037,-0.023531319824996514,0.06732673582500301,0.3634322225999981,0.008341984000001237,0.17347600000000227,0.0249760000000037
0.5499999999999999,0.0,0.0,0.18997600000000311,0.0249760000000037,-0.023630311495000774,0.06743446909500728,0.3642591223600322,0.008343649066667905,0.18997600000000311,0.0249760000000037
0.6,0.0,0.0,0.20647600000000493,0.0249760000000037,-0.023729323790001828,0.06754222299000832,0.3650861871200406,0.00834531413333457,0.20647600000000493,0.0249760000000037
0.65,0.0,0.0,0.22297600000000647,0.0249760000000037,-0.023828356709999526,0.06764999751000603,0.3659134168800222,0.008346979200001239,0.22297600000000647,0.0249760000000037
0.7000000000000001,0.0,0.0,0.23947600000000668,0.0249760000000037,-0.023927410254995632,0.06775779265500213,0.36674081163999106,0.008348644266667905,0.23947600000000668,0.0249760000000037
0.7500000000000001,0.0,0.0,0.2559760000000057,0.0249760000000037,-0.024026484424993076,0.06786560842499959,0.3675683713999706,0.008350309333334572,0.2559760000000057,0.0249760000000037
0.8000000000000002,0.0,0.0,0.2724760000000041,0.0249760000000037,-0.024125579219991974,0.06797344481999848,0.36839609615996183,0.00835197440000124,0.2724760000000041,0.0249760000000037
0.8500000000000002,0.0,0.0,0.28897600000000234,0.0249760000000037,-0.024224694639992363,0.06808130183999886,0.3692239859199649,0.008353639466667905,0.28897600000000234,0.0249760000000037
0.9000000000000002,0.0014778859934415634,2.638751453009933e-06,0.3054760000000011,0.0249760000000037,-0.024109065021351943,0.06783126063146963,0.3677613026112863,0.008328037259070036,0.3039981140065595,0.02497336124855069
0.9500000000000003,0.002336430671269457,6.5697072256280514e-06,0.3219760000000008,0.0249760000000037,-0.024356340462647754,0.0680125554739865,0.36947558374653705,0.008315469525969286,0.3196395693287314,0.024969430292778073
1.0000000000000002,0.002336430671269457,6.5697072256280514e-06,0.33847600000000205,0.0249760000000037,-0.024513305524873245,0.06838463501487684,0.3715917621590003,0.008356443712381636,0.33613956932873257,0.024969430292778073
1.0500000000000003,0.002336430671269457,6.5697072256280514e-06,0.3549760000000039,0.0249760000000037,-0.024612501674033914,0.06849257046463997,0.37242028855469556,0.008358108341067821,0.3526395693287344,0.024969430292778073
1.1000000000000003,0.005627405679561631,3.78549351495261e-05,0.37147600000000525,0.0249760000000037,-0.024922705208966472,0.06711427873547361,0.36814793577776034,0.00803649019552517,0.3658485943204436,0.024938145064854172
1.1500000000000004,0.0058777936134160325,4.128229921913432e-05,0.3879760000000049,0.0249760000000037,-0.024862219425378498,0.06851906006830946,0.37352511797475185,0.008315588693891613,0.38209820638658887,0.024934717700784564
1.2000000000000004,0.0058777936134160325,4.128229921913432e-05,0.40447600000000344,0.0249760000000037,-0.024918458528308263,0.06876396293608894,0.3747296858575888,0.008351524649101081,0.3985982063865874,0.024934717700784564
1.2500000000000004,0.0058777936134160325,4.128229921913432e-05,0.42097600000000246,0.0249760000000037,-0.025017738825471432,0.06887197038444737,0.3755588368396752,0.008353186963614465,0.41509820638658645,0.024934717700784564
1.3000000000000005,0.0058777936134160325,4.128229921913432e-05,0.43747600000000303,0.0249760000000037,-0.025117039747636398,0.06897999845780761,0.37638815282177607,0.008354849278127852,0.43159820638658697,0.024934717700784564
1.3500000000000005,0.007495307736664625,6.692718608477453e-05,0.4539760000000048,0.0249760000000037,-0.025598587955611936,0.06807902972880717,0.3747104707376764,0.008091512718703852,0.4464806922633402,0.024909072813918926
1.4000000000000006,0.010232850762057266,0.00012412890945101026,0.47047600000000644,0.0249760000000037,-0.02634924258513123,0.06708154558103592,0.3737231526646686,0.007758533903981846,0.4602431492379492,0.02485187109055269
1.4500000000000006,0.010232850762057266,0.00012412890945101026,0.4869760000000069,0.0249760000000037,-0.025460358515520438,0.06920445014303414,0.3786592346342183,0.008332207929050229,0.47674314923794964,0.02485187109055269
1.5000000000000007,0.010232850762057266,0.00012412890945101026,0.5034760000000061,0.0249760000000037,-0.025559750992013377,0.06931254077440877,0.3794891670656886,0.008333864720456266,0.4932431492379489,0.02485187109055269
1.5500000000000007,0.010232850762057266,0.00012412890945101026,0.5199760000000045,0.0249760000000037,-0.02565916409350776,0.06942065203078486,0.38031926449717046,0.008335521511862305,0.5097431492379473,0.02485187109055269
1.6000000000000008,0.011714652962571681,0.00016229277377893863,0.5364760000000028,0.0249760000000037,-0.02650669828997261,0.06820648138498871,0.37885271869984527,0.007942815827622114,0.5247613470374312,0.024813707226224762
1.6500000000000008,0.011714652962571681,0.00016229277377893863,0.5529760000000015,0.0249760000000037,-0.025882193941881824,0.0695942647116434,0.3819058346141009,0.008326108718049823,0.5412613470374298,0.024813707226224762
1.7000000000000008,0.011714652962571681,0.00016229277377893863,0.569476000000001,0.0249760000000037,-0.025981673744804257,0.069702429312095,0.382736412227597,0.008327762965198236,0.5577613470374293,0.024813707226224762
1.7500000000000009,0.013794399769115645,0.00022423562782514334,0.585976000000002,0.0249760000000037,-0.027358431385278548,0.06772745023809298,0.38034352649348613,0.007689336924345607,0.5721816002308864,0.024751764372178558
1.800000000000001,0.01688020891875064,0.00033403690855649145,0.6024760000000038,0.0249760000000037,-0.028602412861087268,0.06627533675873383,0.3795109984792844,0.007175795028123154,0.5855957910812531,0.02464196309144721
1.850000000000001,0.017357936839697996,0.0003529120704843814,0.6189760000000053,0.0249760000000037,-0.026817715422245196,0.06923984710447464,0.3842302501068794,0.008080406034710372,0.6016180631603073,0.024623087929519318
1.900000000000001,0.017357936839697996,0.0003529120704843814,0.6354760000000051,0.0249760000000037,-0.026511405014002273,0.06993310077822143,0.3857780231688948,0.0082707991931846,0.6181180631603072,0.024623087929519318
1.950000000000001,0.017357936839697996,0.0003529120704843814,0.6519760000000039,0.0249760000000037,-0.02661101424619204,0.07004132809118653,0.3866093693495143,0.008272440732379902,0.6346180631603059,0.024623087929519318
2.000000000000001,0.01869979692492213,0.0004085287600930666,0.6684760000000027,0.0249760000000037,-0.027959269473104488,0.06838097652176184,0.3853609839794653,0.007699372771172827,0.6497762030750807,0.024567471239910633
2.0500000000000007,0.01869979692492213,0.0004085287600930666,0.684976000000003,0.0249760000000037,-0.026850588674647593,0.07020077054269482,0.38820543686936965,0.008257177498675662,0.6662762030750808,0.024567471239910633
2.1000000000000005,0.01869979692492213,0.0004085287600930666,0.7014760000000047,0.0249760000000037,-0.02695026783743655,0.07030904832041775,0.3890372646314172,0.008258815330091656,0.6827762030750826,0.024567471239910633
2.1500000000000004,0.01869979692492213,0.0004085287600930666,0.7179760000000064,0.0249760000000037,-0.027049967625222045,0.07041734672313721,0.38986925739343703,0.00826045316150765,0.6992762030750843,0.024567471239910633
2.2,0.021322955684552697,0.0005285415927244083,0.7344760000000069,0.0249760000000037,-0.029896816836748868,0.0667620563748563,0.3866354928464207,0.00702195038821094,0.7131530443154542,0.024447458407279292
2.25,0.02326604691348841,0.0006270885652221941,0.7509760000000061,0.0249760000000037,-0.029634708528940283,0.06746297064119047,0.38839071668052305,0.007205383259476228,0.7277099530865176,0.024348911434781507
2.3,0.02326604691348841,0.0006270885652221941,0.7674760000000045,0.0249760000000037,-0.02751197430923769,0.07052247459662378,0.39213779562344586,0.008192476245216398,0.744209953086516,0.024348911434781507
2.3499999999999996,0.02326604691348841,0.0006270885652221941,0.7839760000000027,0.0249760000000037,-0.027611789137178034,0.0706308115435663,0.39297040272297734,0.008194099505978717,0.7607099530865142,0.024348911434781507
2.3999999999999995,0.02326604691348841,0.0006270885652221941,0.8004760000000012,0.0249760000000037,-0.027711624590119867,0.07073916911551031,0.3938031748225207,0.008195722766741036,0.7772099530865128,0.024348911434781507
2.4499999999999993,0.02326604691348841,0.0006270885652221941,0.8169760000000005,0.0249760000000037,-0.027811480668063156,0.07084754731245577,0.3946361119220757,0.008197346027503355,0.793709953086512,0.024348911434781507
2.499999999999999,0.02326604691348841,0.0006270885652221941,0.8334760000000013,0.0249760000000037,-0.027911357371007365,0.07095594613440215,0.39546921402163804,0.008198969288265672,0.8102099530865129,0.024348911434781507
2.549999999999999,0.026073450526193365,0.000783748639881485,0.8499760000000031,0.0249760000000037,-0.03171674868037909,0.06627099568148333,0.39195097744744967,0.0065817613335436625,0.8239025494738097,0.024192251360122215
2.5999999999999988,0.026073450526193365,0.000783748639881485,0.8664760000000046,0.0249760000000037,-0.028230751757151496,0.0710181199658446,0.3969954868919844,0.008149974896893925,0.8404025494738112,0.024192251360122215
2.6499999999999986,0.026073450526193365,0.000783748639881485,0.8829760000000046,0.0249760000000037,-0.028330714241345516,0.07112654973801466,0.3978290559174407,0.008151587713651267,0.8569025494738113,0.024192251360122215
2.6999999999999984,0.026073450526193365,0.000783748639881485,0.8994760000000033,0.0249760000000037,-0.028430697350542197,0.07123500013518738,0.3986627899429183,0.008153200530408607,0.8734025494738099,0.024192251360122215
2.7499999999999982,0.03267649107263504,0.0012199260868570381,0.915976000000002,0.0249760000000037,-0.03908274330533403,0.058232734217425065,0.3892619100910364,0.003647617316588768,0.883299508927367,0.02375607391314666
2.799999999999998,0.033860321819090544,0.0013070198429859063,0.932476000000002,0.0249760000000037,-0.031104312550628347,0.0684370673019998,0.3981655194105126,0.007111000905023134,0.8986156781809114,0.023668980157017794
2.849999999999998,0.03478118229267119,0.0013763456985210424,0.9489760000000034,0.0249760000000037,-0.030842254635862352,0.06899476380022367,0.39934807374434406,0.007267144602735487,0.9141948177073322,0.023599654301482656
2.8999999999999977,0.03521371728258352,0.0014093641112571712,0.9654760000000052,0.0249760000000037,-0.03010709672460533,0.07011621273618761,0.40089323784317177,0.007620784002206149,0.9302622827174217,0.02356663588874653
2.9499999999999975,0.03521371728258352,0.0014093641112571712,0.981976000000006,0.0249760000000037,-0.029421647992459627,0.07117247899524957,0.4023765079508368,0.007952539238626656,0.9467622827174225,0.02356663588874653
2.9999999999999973,0.03521371728258352,0.0014093641112571712,0.9984760000000054,0.0249760000000037,-0.029521852909029252,0.07128093223438026,0.40321114057363805,0.007954110347685906,0.9632622827174219,0.02356663588874653
3.049999999999997,0.03521371728258352,0.0014093641112571712,1.0149760000000039,0.0249760000000037,-0.029622078450600376,0.07138940609851245,0.4040459381964513,0.007955681456745156,0.9797622827174204,0.02356663588874653
3.099999999999997,0.03521371728258352,0.0014093641112571712,1.031476000000002,0.0249760000000037,-0.029722324617173,0.07149790058764613,0.4048809008192765,0.007957252565804405,0.9962622827174186,0.02356663588874653
3.149999999999997,0.03521371728258352,0.0014093641112571712,1.0479760000000005,0.0249760000000037,-0.029822591408747157,0.07160641570178135,0.405716028442114,0.007958823674863655,1.012762282717417,0.02356663588874653
3.1999999999999966,0.03521371728258352,0.0014093641112571712,1.0644759999999995,0.0249760000000037,-0.029922878825322814,0.07171495144091806,0.4065513210649635,0.007960394783922905,1.029262282717416,0.02356663588874653
3.2499999999999964,0.03521371728258352,0.0014093641112571712,1.080976,0.0249760000000037,-0.030023186866899716,0.07182350780505603,0.40738677868782297,0.007961965892982155,1.0457622827174164,0.02356663588874653
3.2999999999999963,0.03521371728258352,0.0014093641112571712,1.0974760000000017,0.0249760000000037,-0.030123515533474404,0.07193208479419178,0.40822240131066473,0.007963537002041405,1.0622622827174182,0.02356663588874653
3.349999999999996,0.03521371728258352,0.0014093641112571712,1.1139760000000032,0.0249760000000037,-0.030223864825045643,0.07204068240832408,0.4090581889334789,0.007965108111100655,1.0787622827174197,0.02356663588874653
3.399999999999996,0.03853865490311921,0.0016751962916109581,1.1304760000000036,0.0249760000000037,-0.03689076833419116,0.06429434541457452,0.4047404549950627,0.00521972896769207,1.0919373450968843,0.023300803708392742
3.4499999999999957,0.04529542013780288,0.002285802210841523,1.1469760000000027,0.0249760000000037,-0.04589019301477294,0.05413253001469813,0.4000908921178843,0.0015699689523667034,1.1016805798621998,0.022690197789162175
3.4999999999999956,0.04529542013780288,0.002285802210841523,1.163476000000001,0.0249760000000037,-0.03122923305758638,0.07153632238634254,0.41106222177571566,0.007677540824524982,1.1181805798621982,0.022690197789162175
3.5499999999999954,0.04696695173771903,0.0024514040619854948,1.1799760000000008,0.0249760000000037,-0.03549792347940839,0.06682899599218253,0.4093076778863637,0.005967823335766503,1.1330090482622817,0.022524595938018206
3.599999999999995,0.04696695173771903,0.0024514040619854948,1.196476000000002,0.0249760000000037,-0.031564907143887745,0.07159796045029856,0.41265147037674527,0.007625343486935395,1.1495090482622832,0.022524595938018206
3.649999999999995,0.04905851553184418,0.002665504292850907,1.2129760000000038,0.0249760000000037,-0.037067810981106813,0.06549373543656654,0.41024618567069343,0.005414461801039949,1.1639174844681597,0.022310495707152794
3.699999999999995,0.04988549228605835,0.0027522886364110205,1.229476000000005,0.0249760000000037,-0.034134357043869946,0.06910027128060489,0.4129385132978993,0.006660174140330464,1.1795905077139466,0.02222371136359268
3.7499999999999947,0.04988549228605835,0.0027522886364110205,1.2459760000000044,0.0249760000000037,-0.032112057130474755,0.07164192770309293,0.4150159393342707,0.007529499156689176,1.196090507713946,0.02222371136359268
3.7999999999999945,0.051815441838098414,0.002959166518533881,1.262476000000003,0.0249760000000037,-0.037450477337186136,0.06576492869635757,0.4128616241341748,0.005393228830318367,1.2106605581619045,0.02201683348146982
3.8499999999999943,0.0522314006574118,0.003004594825200241,1.2789760000000014,0.0249760000000037,-0.03363426270439474,0.07035300723017762,0.4159490797382895,0.006994046576339597,1.2267445993425896,0.02197140517480346
3.899999999999994,0.05344119778240973,0.0031383627301170888,1.2954759999999996,0.0249760000000037,-0.0360146741179067,0.06786913907497899,0.4155352527715428,0.006067517134680437,1.24203480221759,0.021837637269886613
3.949999999999994,0.05437610722540266,0.0032432282305721377,1.3119759999999987,0.0249760000000037,-0.03549433533484883,0.0686902683704883,0.41673841482134855,0.006323034863931327,1.257599892774596,0.02173277176943156
3.999999999999994,0.054896929031480496,0.0033022464143433136,1.328475999999999,0.0249760000000037,-0.03451779454529573,0.07002501569899407,0.4181712409771592,0.006763280219752065,1.2735790709685186,0.021673753585660385
4.049999999999994,0.054896929031480496,0.0033022464143433136,1.3449760000000006,0.0249760000000037,-0.03316716600190535,0.07178042761734542,0.41979037447700307,0.007354906974369538,1.2900790709685201,0.021673753585660385
4.099999999999993,0.05712830695946289,0.0035600612632297394,1.3614760000000024,0.0249760000000037,-0.03982907194973934,0.06446337359164873,0.41716978216555234,0.004692247931792266,1.3043476930405395,0.02141593873677396
4.149999999999993,0.0574437079653273,0.0035971960441731855,1.377976000000003,0.0249760000000037,-0.03452702189084053,0.07068952381448981,0.4208661828213214,0.006888095604504624,1.3205322920346756,0.021378803955830514
4.199999999999993,0.05877618022444189,0.0037561227644570603,1.394476000000002,0.0249760000000037,-0.037765173513426606,0.06726290381823909,0.42011230932666277,0.005618615296154757,1.33569981977556,0.02121987723554664
4.249999999999993,0.05919754203029222,0.003807062965644448,1.4109760000000005,0.0249760000000037,-0.03524440992097517,0.07032969625423721,0.42229642470084955,0.006682911682526105,1.3517784579697083,0.02116893703435925
4.299999999999993,0.06028556358585513,0.003939960104433791,1.427476,0.0249760000000037,-0.03748141837274148,0.06803875810298314,0.4220807059028985,0.005820445662903173,1.3671904364141447,0.02103603989556991
4.3499999999999925,0.06155229963012521,0.004096978572419042,1.443976000000001,0.0249760000000037,-0.038311767557591025,0.06733526284357294,0.42258812160465586,0.005528284816377509,1.3824237003698758,0.02087902142758466
4.399999999999992,0.06155229963012521,0.004096978572419042,1.4604760000000028,0.0249760000000037,-0.03452876560715471,0.07180303811986191,0.4253272149080665,0.007099861430991849,1.3989237003698776,0.02087902142758466
4.449999999999992,0.06292670909034188,0.0042701386707109205,1.4769760000000038,0.0249760000000037,-0.039060710476283,0.066948294708121,0.424036020737616,0.00531192080606438,1.414049290909662,0.02070586132929278
4.499999999999992,0.06292670909034188,0.0042701386707109205,1.4934760000000036,0.0249760000000037,-0.034874249330789295,0.07185998577441624,0.42693694042082214,0.007044902179738468,1.4305492909096618,0.02070586132929278
4.549999999999992,0.06292670909034188,0.0042701386707109205,1.5099760000000024,0.0249760000000037,-0.034975559616668254,0.0719685431117604,0.4277764109137146,0.007046282570493741,1.4470492909096606,0.02070586132929278
4.599999999999992,0.06292670909034188,0.0042701386707109205,1.5264760000000006,0.0249760000000037,-0.035076890527548615,0.07207712107410587,0.42861604640661793,0.007047662961249,1.4635492909096588,0.02070586132929278
4.6499999999999915,0.06292670909034188,0.0042701386707109205,1.542975999999999,0.0249760000000037,-0.035178242063430454,0.07218571966145294,0.4294558468995336,0.007049043352004285,1.4800492909096572,0.02070586132929278
4.699999999999991,0.06292670909034188,0.0042701386707109205,1.5594759999999979,0.0249760000000037,-0.03527961422431361,0.07229433887380161,0.4302958123924609,0.007050423742759619,1.496549290909656,0.02070586132929278
4.749999999999991,0.06292670909034188,0.0042701386707109205,1.5759759999999978,0.0249760000000037,-0.03538100701019818,0.07240297871115194,0.43113594288540047,0.007051804133515002,1.513049290909656,0.02070586132929278
4.799999999999991,0.06292670909034188,0.0042701386707109205,1.5924759999999993,0.0249760000000037,-0.03548242042108192,0.07251163917350102,0.43197623837833177,0.007053184524270304,1.5295492909096575,0.02070586132929278
4.849999999999991,0.06469589978006934,0.004497230994554104,1.608976000000001,0.0249760000000037,-0.04140099057474273,0.06611761832782015,0.4300744356102515,0.004707929095824269,1.5442801002199318,0.020478769005449596
4.899999999999991,0.06896783842642008,0.00506688523378648,1.625476000000002,0.0249760000000037,-0.0504973099947457,0.05623951046140007,0.4269472818245831,0.001093752469838928,1.5565081615735818,0.01990911476621722
4.94999999999999,0.06896783842642008,0.00506688523378648,1.6419760000000012,0.024976000000003697,-0.03644648187620105,0.07210249809272276,0.4341959198756952,0.006791622136480324,1.5730081615735811,0.019909114766217217
4.99999999999999,0.06896783842642008,0.00506688523378648,1.6584759999999998,0.024976000000003693,-0.03654810966631718,0.07221109407301037,0.43503681495731017,0.006792949410798702,1.5895081615735798,0.019909114766217213
5.04999999999999,0.06896783842642008,0.00506688523378648,1.674975999999999,0.0249760000000037,-0.036649758081434836,0.0723197106783038,0.43587787503895453,0.006794276685117896,1.6060081615735788,0.01990911476621722
5.09999999999999,0.06896783842642008,0.00506688523378648,1.691476,0.024976000000003714,-0.03675142712155563,0.07242834790859509,0.4367191001206029,0.006795603959436089,1.62250816157358,0.019909114766217234
5.14999999999999,0.0710713008870971,0.005359248154292831,1.7079760000000017,0.02497600000000372,-0.04437596368784198,0.06419906190054572,0.4343001023535508,0.003775828230991188,1.6369046991129046,0.019616751845710892
5.1999999999999895,0.07753181512818873,0.0062961635879025335,1.7244760000000032,0.0249760000000037,-0.061359857447249144,0.045710884655926695,0.42828296841270336,-0.002980756722156656,1.6469441848718145,0.018679836412101167
5.249999999999989,0.07825281181421886,0.0064040339568878935,1.7409760000000032,0.024976000000003648,-0.040865417695937746,0.06855903783977356,0.43769782214284525,0.005274975265492536,1.6627231881857842,0.018571966043115756
5.299999999999989,0.07904068812095329,0.00652196451562628,1.757476000000002,0.02497600000000362,-0.04131721634795709,0.06828275696443047,0.43839989324955025,0.005136293450756834,1.6784353118790487,0.01845403548437734
5.349999999999989,0.07994758659287815,0.006658012797004782,1.7739760000000002,0.02497600000000369,-0.04198590092974846,0.06776858791082443,0.4390179553622916,0.004910987996395426,1.6940284134071222,0.018317987202998907
5.399999999999989,0.08096797379276387,0.006812224404719569,1.7904759999999982,0.024976000000003884,-0.04267205007061556,0.0672376494270395,0.4396387979906202,0.004679161782175989,1.7095080262072344,0.018163775595284315
5.449999999999989,0.08096797379276387,0.006812224404719569,1.8069759999999968,0.024976000000004,-0.03891742181746649,0.07158548790021652,0.442011638870732,0.006222488777666672,1.726008026207233,0.01816377559528443
5.4999999999999885,0.08297521575371108,0.007119357231154434,1.8234759999999968,0.02497600000000375,-0.04696167231826308,0.06297403239152337,0.4397428188391458,0.0030499733472876753,1.7405007842462856,0.017856642768849317
5.549999999999988,0.08297521575371108,0.007119357231154434,1.8399759999999987,0.02497600000000303,-0.03937798983061993,0.07152107311649045,0.4435962517884415,0.006122492054451526,1.7570007842462876,0.017856642768848595
5.599999999999988,0.0848742432194022,0.007414345670832976,1.856476000000001,0.02497600000000259,-0.04711388089782461,0.06325998791071841,0.44149547523417204,0.003075448954836913,1.7716017567805986,0.017561654329169615
5.649999999999988,0.0848742432194022,0.007414345670832976,1.8729760000000013,0.024976000000003457,-0.039828788843086896,0.0714679355194661,0.445186897450212,0.006026504128834134,1.788101756780599,0.017561654329170482
5.699999999999988,0.08662837385976552,0.007689650915340303,1.8894759999999982,0.02497600000000611,-0.047058934236824675,0.06376882162163904,0.44331102343385487,0.003182835692345593,1.8028476261402326,0.01728634908466581
5.749999999999988,0.08750531824425195,0.007828168541435919,1.905975999999995,0.024976000000007846,-0.04385085091579547,0.06750568416053337,0.4454261403053154,0.004505682522807221,1.818470681755743,0.017147831458571926
5.799999999999987,0.08750531824425195,0.007828168541435919,1.9224759999999972,0.024976000000004817,-0.0404816081482133,0.0714146184990434,0.44758490658902683,0.005892001971586688,1.8349706817557452,0.0171478314585689
5.849999999999987,0.0897186825883741,0.008180745383131282,1.9389760000000076,0.024975999999995026,-0.04971891304121101,0.06153050806602281,0.4449976844289353,0.0022498276237736766,1.8492573174116336,0.016795254616863743
5.899999999999987,0.09060859535319189,0.008324098223334119,1.955476000000016,0.024975999999988233,-0.04469734395133699,0.06724815975703795,0.4477820148334998,0.004295393486800183,1.864867404646824,0.016651901776654113
5.949999999999987,0.09116376766001634,0.008413878642737127,1.9719760000000068,0.024975999999998794,-0.04353149741621054,0.06874354634052457,0.44910017502694044,0.004802295033202673,1.8808122323399905,0.016562121357261667
5.999999999999987,0.09116376766001634,0.008413878642737127,1.9884759999999713,0.024976000000034863,-0.04138145447706277,0.07131277217521459,0.45077690660910946,0.005701203371076538,1.897312232339955,0.016562121357297736
6.0499999999999865,0.09339712883282952,0.008778068126569996,2.004975999999944,0.024976000000061335,-0.05093006034734226,0.06110976779782774,0.44815931258068,0.0019389918953305666,1.9115788711671147,0.01619793187349134
6.099999999999986,0.093621372442854,0.008814956676946184,2.021475999999979,0.024976000000024673,-0.04284870301524755,0.0701528108078825,0.4520060552925202,0.0052007824366923725,1.927854627557125,0.016161043323078488
6.149999999999986,0.09462789576703742,0.00898117789947265,2.03797600000011,0.024975999999891956,-0.046338916128485945,0.06656776963090455,0.451626743037562,0.0038531149528416397,1.9433481042330727,0.015994822100419304
6.199999999999986,0.09581831431061481,0.00917857922533256,2.054476000000211,0.02497599999978915,-0.047391008258697326,0.06564298320518538,0.45213596585553084,0.0034765666564739155,1.9586576856895963,0.01579742077445659
6.249999999999986,0.09708956192572561,0.009390376323253668,2.070976000000084,0.02497599999991589,-0.04803398373903263,0.06516499094220264,0.4527958987249411,0.0032630489910800017,1.9738864380743582,0.015585623676662221
6.299999999999986,0.09750193592329447,0.009459380011606008,2.0874759999995973,0.02497600000040362,-0.04460739338914291,0.06911972915743746,0.45490849018632146,0.00466901633681801,1.9899740640763028,0.015516619988797612
6.349999999999985,0.098703232575286,0.009661209613265657,2.103975999999201,0.024976000000801607,-0.04821819508022021,0.06540932844705381,0.4545100941090961,0.003274501593682591,2.005272767423915,0.01531479038753595
6.399999999999985,0.09952950663331535,0.009800706481727407,2.120475999999638,0.02497600000036554,-0.04687216907195419,0.06709696187491311,0.4558765237874692,0.003852341486277889,2.020946493366323,0.015175293518638132
6.449999999999985,0.10084778238087809,0.010024419863191938,2.136976000001428,0.024975999998575346,-0.049281166237384016,0.06469832595522701,0.4559179687704441,0.0029366018510177125,2.0361282176205497,0.014951580135383408
6.499999999999985,0.10179248771644103,0.010185665914099175,2.153476000002963,0.0249759999970392,-0.047949729862852265,0.06636942161809053,0.45727660592377123,0.003508512715283481,2.051683512286522,0.014790334082940025
6.549999999999985,0.10266230728366137,0.010334764499033814,2.1699760000014696,0.02497599999853137,-0.04787307013813858,0.06667470902231783,0.45819111664182566,0.0035812645493674762,2.0673136927178084,0.014641235499497557
6.5999999999999845,0.103913474216193,0.010550297793684233,2.186475999994907,0.024976000005094093,-0.04982945263023065,0.0647711380658906,0.458402362784485,0.0028460353210780862,2.082562525778714,0.01442570221140986
6.649999999999984,0.10497686778077994,0.010734514771747916,2.2029759999889955,0.02497600001100722,-0.04930040776343283,0.06556880055305224,0.45947683326594024,0.00309874148373703,2.0979991322082157,0.014241485239259305
6.699999999999984,0.10592751424534308,0.010899915362667595,2.2194759999940707,0.024976000005933623,-0.049069711280048736,0.06604142807446255,0.46044455741804513,0.003232707960840725,2.1135484857487277,0.014076084643266028
6.749999999999984,0.10668934945123294,0.011032947284688151,2.2359760000181,0.02497599998190492,-0.04847042990706944,0.06691356403164658,0.4615359757548641,0.0035129779284908853,2.129286650566867,0.01394305269721677
6.799999999999984,0.10787261655601443,0.011240459707011517,2.2524760000408044,0.024975999959200117,-0.050624097329474815,0.0647986802144695,0.46169111017577724,0.002699920549522797,2.1446033834847897,0.0137355402521886
6.849999999999984,0.1085225343956611,0.011354919388140382,2.2689760000236805,0.024975999976322355,-0.048480976025791093,0.06734533434194236,0.46330524147093377,0.003593211107838335,2.160453465628019,0.013621080588181973
6.8999999999999835,0.10966980792618927,0.011557712525706927,2.28547599993581,0.0249760000641913,-0.050980221759336725,0.0648569284887616,0.4633486009923933,0.0026431822341761663,2.1758061920096208,0.013418287538484373
6.949999999999983,0.11058909362776109,0.011720850124309509,2.3019759998488296,0.024976000151170033,-0.05022258129305625,0.06590030214531158,0.4644915337534713,0.00298623254328673,2.1913869062210685,0.013255150026860524
6.999999999999983,0.11062744738237587,0.011727669090235761,2.3184759999060978,0.024976000093901003,-0.04639376539984919,0.07027075885620321,0.4666580970242096,0.00454799875359124,2.2078485525237217,0.013248331003665242
7.049999999999983,0.11258630938837993,0.012077231082526573,2.3349760002270172,0.024975999772982423,-0.05542803441423679,0.06070362072771417,0.46452662056780386,0.0010048735835195013,2.222389690838637,0.01289876869045585
7.099999999999983,0.11351195000545158,0.012243487238918934,2.3514760005595035,0.02497599944049775,-0.05105328025319486,0.06566610606198475,0.46687754526071845,0.0027833953921504546,2.237964050554052,0.012732512201578818
7.149999999999983,0.11447524882033493,0.012417042939294253,2.367976000370029,0.024975999629973974,-0.05148712382699082,0.06541797902151407,0.46762041139401955,0.0026534962275282384,2.253500751549694,0.012558956690679721
7.199999999999982,0.11548014006030712,0.012598643304085038,2.3844759991994438,0.024976000800559225,-0.0519465653270514,0.06514229678469653,0.46835544844699173,0.002513472658599073,2.2689958591391366,0.012377357496474187
7.249999999999982,0.11609942570067644,0.012710875994864231,2.4009759979310528,0.02497600206894877,-0.05039643858222127,0.06704125108902638,0.4697507586849906,0.0031704404774866857,2.2848765722303765,0.01226512607408454
7.299999999999982,0.11675810963305724,0.012830509601479616,2.4174759985495187,0.02497600145048134,-0.050788834589955666,0.06683786415997287,0.47050679499971415,0.0030569580133366103,2.3007178889164615,0.012145491849001724
7.349999999999982,0.11823382228837512,0.013099562577747048,2.4339760028138726,0.024975997186127676,-0.05488937092355164,0.06262455388643122,0.47005569923993146,0.001473368183405635,2.3157421805254974,0.011876434608380627
7.399999999999982,0.11932350666903059,0.013299241846573329,2.4504760076434353,0.02497599235656636,-0.05341153997981362,0.06444558728424764,0.47142850905624506,0.002101723296082671,2.3311525009744045,0.01167675050999303
7.4499999999999815,0.1202960263911991,0.013478048847542883,2.4669760056592835,0.024975994340719843,-0.05313612481985297,0.06496484392520885,0.4724038749802473,0.0022530893534011185,2.3466799792680844,0.01149794549317696
7.499999999999981,0.12154347170753815,0.013708019476087036,2.483475990144795,0.024976009855209258,-0.054720067235322176,0.06347429401302221,0.47277744499337754,0.0016674717671809579,2.3619325184372566,0.011267990379122222
7.549999999999981,0.12224661336556249,0.01383799190041254,2.499975971788645,0.02497602821135838,-0.052414270958248355,0.06618766056791205,0.4744077261046416,0.002623502782793083,2.3777293584230828,0.011138036310945839
7.599999999999981,0.12326311724026284,0.014026305155900616,2.516475978010227,0.024976021989775308,-0.054163854474162845,0.06452029537784224,0.4747365994080203,0.0019726554102246466,2.393212860769964,0.010949716833874691
7.649999999999981,0.1242428337034091,0.01420826541038397,2.532976034380073,0.02497596561992747,-0.054280715800657055,0.06461752969228174,0.47559298197175515,0.0019689169317380346,2.408733200676664,0.0107677002095435
7.699999999999981,0.1253418089365024,0.014412981388706307,2.5494761040288356,0.024975895971163294,-0.055119937282057746,0.06393198456863108,0.4762076874027553,0.0016784851974425393,2.4241342950923332,0.010562914582456987
7.7499999999999805,0.12652102852315225,0.01463328702715373,2.5659760851297126,0.024975914870285245,-0.05575183004788921,0.06346687024152188,0.47687480115764436,0.0014695314654538428,2.4394550566065605,0.010342627843131514
7.79999999999998,0.12746607720883163,0.014810278867653993,2.582475880593029,0.02497611940696951,-0.0548384507877393,0.0646675929678322,0.478024175022286,0.001872217558112932,2.455009803384197,0.010165840539315518
7.84999999999998,0.1287678279933385,0.015054632335616576,2.5989756167550997,0.024976383244900528,-0.056891498617190034,0.06267752466268106,0.4782760931194844,0.001102100199141149,2.470207788761761,0.009921750909283952
7.89999999999998,0.1292814598875068,0.015151235763953112,2.6154756715239413,0.024976328476060662,-0.05353641548536475,0.0665368889824572,0.4802932178712878,0.0024762806661128476,2.4861942116364344,0.00982509271210755
7.94999999999998,0.13070579758431158,0.015419613525966274,2.6319764126622562,0.024975587337745637,-0.05848452305067903,0.06144592712796529,0.47972180071457726,0.0005640769671021446,2.5012706150779445,0.009555973811779363
7.99999999999998,0.1317768891878525,0.015622003017838369,2.64847741055214,0.02497458944786071,-0.056955126078910776,0.06330498038913301,0.48104042587217516,0.001209496059089951,2.5167005213642875,0.00935258643002234
8.04999999999998,0.1319355186939599,0.01565201135055134,2.664977263641664,0.024974736358335293,-0.05203979003748377,0.06876328316981695,0.48321229282920286,0.003185427263301556,2.5330417449477043,0.009322725007783954
8.09999999999998,0.1338039458695417,0.016005958419668283,2.6814745818896837,0.024977418110315595,-0.059569251144736685,0.06076693150024158,0.48134473057991306,0.00022812959152474128,2.547670636020142,0.008971459690647311
8.14999999999998,0.13440237573354039,0.016119663489750625,2.6979708133315596,0.02498118666844139,-0.05415666746658421,0.06686739823373881,0.4840962628012921,0.0024210915746961156,2.5635684375980192,0.008861523178690767
8.199999999999982,0.13579609536396509,0.016384972539122113,2.714471152059793,0.024980847940210087,-0.06083278826069238,0.060124026124556876,0.48382725754099704,-0.00013500231164485885,2.5786750566958276,0.008595875401087975
8.249999999999982,0.13579609536396509,0.016384972539122113,2.7309808418789356,0.024971158121068548,-0.05821904080722572,0.06352967308587865,0.4869948555724175,0.0010115490054577,2.5951847465149704,0.008586185581946435
8.299999999999983,0.13791579703856585,0.016789490804504387,2.747495053287498,0.0249569467125059,-0.06741707907060418,0.05370219053974127,0.48447707844138177,-0.0026123597201643633,2.6095792562489324,0.008167455908001511
8.349999999999984,0.13887979342847143,0.016973703336919752,2.7639945525053933,0.0249574474946097,-0.052950277751986435,0.06867320600482381,0.486493935027241,0.0029948434767309282,2.6251147590769217,0.007983744157689949
8.399999999999984,0.1402026267973916,0.017226171282431087,2.7804595921601725,0.02499240783982897,-0.03999396954023075,0.08147852176133831,0.48588996520627625,0.007901819470687155,2.6402569653627808,0.007766236557397884
8.449999999999985,0.14092575025773255,0.01736425529477173,2.796906075717422,0.02504592428257821,-0.0419510334331198,0.0800158140606396,0.4878673899750376,0.0072504344052418635,2.6559803254596894,0.007681668987806482
8.499999999999986,0.14225194775913816,0.017619046719842643,2.813405165441681,0.025046834558318392,-0.07853513552511021,0.04387444566078448,0.48963832474357877,-0.006602036164633474,2.671153217682543,0.007427787838475749
8.549999999999986,0.14325928214879277,0.017814406104658974,2.830031110992738,0.024920889007262366,-0.13363946314852587,-0.010110858600701836,0.4941144181912962,-0.027381013666519568,2.6867718288439453,0.007106482902603392
8.599999999999987,0.14419072376960504,0.017994933935459798,2.846732363606382,0.02471963639361997,-0.1194459457358383,0.00411282398081305,0.49423507886660545,-0.02196821366762386,2.702541639836777,0.006724702458160172
8.649999999999988,0.14516665994323258,0.018180298370098616,2.863245872825453,0.024706127174551135,0.0012404454101814233,0.12326612057139574,0.4881027006448573,0.02371553637744327,2.71807921288222,0.006525828804452519
8.699999999999989,0.14587331018769592,0.01831153813332594,2.879292850128097,0.02515914987190754,0.21353801476786774,0.33287398570073573,0.477343883731472,0.104078476279734,2.7334195399404013,0.006847611738581602
8.74999999999999,0.14754789719532627,0.01862505156245319,2.895037039014813,0.025914960985190794,0.16790726485706076,0.2876491609615486,0.47896758441795134,0.08677265253687796,2.7474891418194867,0.007289909422737606
8.79999999999999,0.1486837228664561,0.018855620530241847,2.9114498542909284,0.026002145709074064,-0.26996858078963415,-0.1435894894759833,0.5055163652546035,-0.07877296576487952,2.7627661314244722,0.007146525178832217
8.84999999999999,0.14927660589310443,0.018985343777562096,2.9295767843870375,0.024375215612965132,-1.057337018828002,-0.9193471388918248,0.5519595197447086,-0.3765112681371099,2.780300178493933,0.005389871835403036
8.899999999999991,0.15029375729329253,0.019202737739923943,2.9489115243835387,0.021540475616465802,-0.9523306399265804,-0.8158244102025319,0.5460249188961942,-0.3367914381198309,2.798617767090246,0.0023377378765418594
8.949999999999992,0.15040143856105292,0.019222761504842395,2.965870497221758,0.021081502778248322,0.6479295058819665,0.7623593271423532,0.4577192850415466,0.2686264443855847,2.8154690586607054,0.001858741273405927
8.999999999999993,0.15154389815142158,0.019384274482762472,2.976520101130819,0.02693189886918831,3.677528141659652,3.7487425949354205,0.2848578131030718,1.4145277593514425,2.8249762029793977,0.0075476243864258385
9.049999999999994,0.1541438568583648,0.019564171104015086,2.979219078185328,0.04073292181467897,6.0,6.0,0.13836132738957704,2.381175300997553,2.8250752213269634,0.021168750710663882
9.099999999999994,0.1583463573006804,0.020544412240955663,2.9772702584864725,0.05918174151353307,6.0,6.0,0.07521207118026549,2.7821044034380007,2.818923901185792,0.03863732927257741
9.149999999999995,0.16191178365297265,0.02234796130573625,2.974614786073408,0.07833721392659729,6.0,6.0,0.0985994824160317,2.6282275778329707,2.8127030024204354,0.05598925262086104
9.199999999999996,0.16343868080867857,0.023844720881030134,2.973837352175441,0.095614647824566,6.0,6.0,0.14050921354196205,2.3769668161839195,2.8103986713667624,0.07176992694353586
9.249999999999996,0.16343868080867857,0.023844720881030134,2.974337333432837,0.11161466656717221,5.977287387550104,6.0,0.15974340414810811,2.2846686906928064,2.8108986526241586,0.08776994568614208
9.299999999999997,0.16362745984325866,0.02513079814229588,2.9750581381652332,0.12739386183477738,6.0,6.0,0.15398120211028807,2.313537435470412,2.8114306783219747,0.1022630636924815
9.349999999999998,0.16350096735937972,0.025234581512921687,2.9752812473254995,0.14367075267451038,6.0,6.0,0.1439025950951861,2.4014067204630303,2.81178027996612,0.1184361711615887
9.399999999999999,0.1637106236574869,0.02522066218310354,2.975153487680253,0.16029851231975598,6.0,6.0,0.13869912894448344,2.4395432230438248,2.8114428640227658,0.13507785013665244
9.45,0.1642303468330548,0.025455105281381722,2.97495807187607,0.1769939281239384,6.0,6.0,0.1395543176794521,2.4337037674339475,2.8107277250430154,0.15153882284255668
9.5,0.16441072268910262,0.025720765421605025,2.9748942508768303,0.19355774912317916,6.0,6.0,0.14296208433410154,2.4196165018809435,2.810483528187728,0.16783698370157413
9.55,0.1644337807785985,0.02580152245491587,2.974926748710351,0.2100252512896607,6.0,6.0,0.14453841098491266,2.418194909015718,2.8104929679317525,0.18422372883474483
9.600000000000001,0.16459072008536707,0.025475895346742886,2.9749796692433983,0.22647233075661516,6.0,6.0,0.1440482095551718,2.429944936082033,2.8103889491580314,0.20099643540987228
9.650000000000002,0.16472816799660525,0.02532975633648814,2.9749978884571835,0.24295411154283036,6.0,6.0,0.1433156683126496,2.438933333979471,2.810269720460578,0.2176243552063422
9.700000000000003,0.16516393274739677,0.0252719658176237,2.974989671018586,0.25946232898142657,6.0,6.0,0.1425088387466287,2.4460224874395027,2.809825738271189,0.23419036316380287
9.750000000000004,0.16532713813743496,0.02532327192898818,2.9749753294327648,0.27597667056724634,6.0,6.0,0.14300743888408837,2.4499656301005253,2.80964819129533,0.25065339863825814
9.800000000000004,0.16560609897089365,0.02558180178433132,2.974970077870833,0.2924819221291768,6.0,6.0,0.1430605706034259,2.451907547474674,2.809363978899939,0.26690012034484545
9.850000000000005,0.16562769601329308,0.025628541349788054,2.974972115827021,0.3089798841729876,6.0,6.0,0.14357699995327067,2.458839626800158,2.809344419813728,0.28335134282319957
9.900000000000006,0.16561211085891167,0.025930414801961846,2.974976097684458,0.3254759023155506,6.0,6.0,0.1436502409597308,2.4617836677235707,2.8093639868255464,0.2995454875135888
9.950000000000006,0.16560127331744603,0.02594827326869501,2.9749778470051815,0.3419741529948284,6.0,6.0,0.14361503737791914,2.4705170518495168,2.8093765736877354,0.3160258797261334
10.000000000000007,0.16560127331744603,0.02594827326869501,2.974977458067256,0.35847454193275563,6.0,6.0,0.14359157411297038,2.476453143032167,2.80937618474981,0.3325262686640606
