t,x_actual,y_actual,x_deseada,y_deseada,Ref_Izq,Ref_Der,Vel_Lineal,Vel_Angular,error_x,error_y
0.05,0.15,0.0,0.0249760000000037,0.0249760000000037,6.0,6.0,-6.108861023999845,8.57525984000127,-0.1250239999999963,0.0249760000000037
0.1,0.15,0.0,0.041476000000002025,0.0249760000000037,0.532496603500111,0.7804917165000834,0.99198045199989,0.25009301333337036,-0.10852399999999797,0.0249760000000037
0.15000000000000002,0.15,0.0,0.0579760000000009,0.0249760000000037,0.5298514365001058,0.7840110435000888,1.0166384279999319,0.25025952000003704,-0.09202399999999909,0.0249760000000037
0.2,0.15,0.0,0.07447600000000089,0.0249760000000037,0.5272042070000955,0.7875324330000992,1.0413129040000146,0.25042602666670377,-0.0755239999999991,0.0249760000000037
0.25,0.15,0.0,0.09097600000000224,0.0249760000000037,0.5245549150000843,0.7910558850001108,1.0660038800001064,0.2505925333333705,-0.05902399999999776,0.0249760000000037
0.3,0.15,0.0,0.10747600000000404,0.0249760000000037,0.5219035605000815,0.7945813995001136,1.090711356000129,0.2507590400000372,-0.042523999999995954,0.0249760000000037
0.35,0.15,0.0,0.12397600000000508,0.0249760000000037,0.5192501435000896,0.7981089765001057,1.1154353320000645,0.25092554666670386,-0.026023999999994912,0.0249760000000037
0.39999999999999997,0.15,0.0,0.14047600000000446,0.0249760000000037,0.5165946640001038,0.8016386160000915,1.1401758079999507,0.25109205333337054,-0.009523999999995536,0.0249760000000037
0.44999999999999996,0.15,0.0,0.15697600000000306,0.0249760000000037,0.5139371220001092,0.8051703180000862,1.164932783999908,0.2512585600000372,0.006976000000003063,0.0249760000000037
0.49999999999999994,0.15,0.0,0.17347600000000227,0.0249760000000037,0.5112775175001023,0.8087040825000931,1.189706259999963,0.2514250666667039,0.023476000000002273,0.0249760000000037
0.5499999999999999,0.0,0.0,0.18997600000000311,0.0249760000000037,-0.4570278994999116,1.7778836595001075,8.939646236000076,0.2515915733333706,0.18997600000000311,0.0249760000000037
0.6,0.0,0.0,0.20647600000000493,0.0249760000000037,0.4777896210000809,0.8439402990001148,1.464602712000136,0.2517580800000373,0.20647600000000493,0.0249760000000037
0.65,0.0,0.0,0.22297600000000647,0.0249760000000037,0.4751050790000847,0.8474990010001112,1.4895756880001063,0.251924586666704,0.22297600000000647,0.0249760000000037
0.7000000000000001,0.013802066091852139,0.0008461321935518171,0.23947600000000668,0.0249760000000037,-0.20132044652730527,-0.00038420697642180257,0.8037449582035339,-0.03841993400070992,0.22567393390815454,0.024129867806451884
0.7500000000000001,0.01865103049009398,0.0015520334435288137,0.2559760000000057,0.0249760000000037,-0.15490947967806792,0.16236900063596113,1.2691139212561162,0.0014208611348368039,0.23732496950991172,0.023423966556474888
0.8000000000000002,0.02031606211379533,0.0018519862010192053,0.2724760000000041,0.0249760000000037,0.17011370520140462,0.5328174983227632,1.4508151724854343,0.1338916578141272,0.2521599378862088,0.023124013798984495
0.8500000000000002,0.02031606211379533,0.0018519862010192053,0.28897600000000234,0.0249760000000037,0.4194432581066121,0.8092146115087071,1.5590854136083803,0.23403007040291793,0.268659937886207,0.023124013798984495
0.9000000000000002,0.02031606211379533,0.0018519862010192053,0.3054760000000011,0.0249760000000037,0.41671853335585374,0.81274867674243,1.5841205735463049,0.2341842304949112,0.28515993788620575,0.023124013798984495
0.9500000000000003,0.030650897006010758,0.004196319713945742,0.3219760000000008,0.0249760000000037,-1.6323480667834303,-1.36311859135836,1.0769179017002806,-0.5705650777412934,0.29132510299399006,0.020779680286057957
1.0000000000000002,0.0320199888334541,0.004608526565125209,0.33847600000000205,0.0249760000000037,-0.011112483251680544,0.37593948505056696,1.5482078732089901,0.06949085748550218,0.30645601116654797,0.02036747343487849
1.0500000000000003,0.0320199888334541,0.004608526565125209,0.3549760000000039,0.0249760000000037,0.33823399889254124,0.7486678540406305,1.641735420592357,0.2070289243682232,0.3229560111665498,0.02036747343487849
1.1000000000000003,0.034740661147394214,0.005201687573883545,0.37147600000000525,0.0249760000000037,-0.18162782367981306,0.2000490592609982,1.526707531763245,0.003508806777368599,0.33673533885261103,0.019774312426120155
1.1500000000000004,0.034740661147394214,0.005201687573883545,0.3879760000000049,0.0249760000000037,0.31759200307172086,0.7395530987714668,1.6878443827989837,0.20136097177965478,0.35323533885261066,0.019774312426120155
1.2000000000000004,0.04200818028410844,0.006906899033595959,0.40447600000000344,0.0249760000000037,-1.1752680197620378,-0.8405981159925734,1.338679615077857,-0.38397450204849737,0.36246781971589503,0.018069100966407743
1.2500000000000004,0.046328312322492016,0.008043462875026053,0.42097600000000246,0.0249760000000037,-0.7279915607711981,-0.3518182058650653,1.5046934196245312,-0.2056780507878597,0.37464768767751044,0.016932537124977647
1.3000000000000005,0.04698848606807007,0.008184557521772093,0.43747600000000303,0.0249760000000037,0.11374058265164197,0.5417009729417633,1.7118415611604856,0.12484601058922007,0.39048751393193293,0.016791442478231607
1.3500000000000005,0.049589773407337154,0.00857540199966368,0.4539760000000048,0.0249760000000037,-0.10528777362202293,0.3037218105514279,1.6360383366938032,0.037796959415124745,0.40438622659266765,0.016400598000340022
1.4000000000000006,0.049589773407337154,0.00857540199966368,0.47047600000000644,0.0249760000000037,0.21758374834937938,0.6654021458203117,1.7912735898837289,0.16818778936565543,0.4208862265926693,0.016400598000340022
1.4500000000000006,0.049589773407337154,0.00857540199966368,0.4869760000000069,0.0249760000000037,0.2147223355360722,0.6688375795636307,1.816460976110234,0.1682971266856577,0.43738622659266974,0.016400598000340022
1.5000000000000007,0.049589773407337154,0.00857540199966368,0.5034760000000061,0.0249760000000037,0.2118588602227643,0.6722750758069505,1.8416648623367444,0.16840646400565995,0.453886226592669,0.016400598000340022
1.5500000000000007,0.049589773407337154,0.00857540199966368,0.5199760000000045,0.0249760000000037,0.20899332240945287,0.6757146345502738,1.8668852485632839,0.16851580132566224,0.4703862265926674,0.016400598000340022
1.6000000000000008,0.049589773407337154,0.00857540199966368,0.5364760000000028,0.0249760000000037,0.2061257220961355,0.6791562557936031,1.8921221347898705,0.1686251386456645,0.48688622659266567,0.016400598000340022
1.6500000000000008,0.049589773407337154,0.00857540199966368,0.5529760000000015,0.0249760000000037,0.20325605928281393,0.6825999395369367,1.9173755210164907,0.16873447596566676,0.5033862265926643,0.016400598000340022
1.7000000000000008,0.07622049097958533,0.012960804435322316,0.569476000000001,0.0249760000000037,-3.5805977824994395,-3.43781357711074,0.571136821554799,-1.3368402589733674,0.49325550902041565,0.012015195564681384
1.7500000000000009,0.08339478772672049,0.01507562964658815,0.585976000000002,0.0249760000000037,-1.7725976386386961,-1.3829853889131642,1.5584489989021268,-0.601063433819402,0.5025812122732816,0.00990037035341555
1.800000000000001,0.08525446642292475,0.015156112865684126,0.6024760000000038,0.0249760000000037,-0.030515307720971496,0.43114909351352376,1.846657604937981,0.07631119729381948,0.517221533577079,0.009819887134319574
1.850000000000001,0.08525446642292475,0.015156112865684126,0.6189760000000053,0.0249760000000037,0.025295899969888402,0.5165272152903242,1.9649252612817434,0.10320440290670718,0.5337215335770805,0.009819887134319574
1.900000000000001,0.08525446642292475,0.015156112865684126,0.6354760000000051,0.0249760000000037,0.022305220303056678,0.5198615910068572,1.9902254828152024,0.10326986882093599,0.5502215335770804,0.009819887134319574
1.950000000000001,0.08525446642292475,0.015156112865684126,0.6519760000000039,0.0249760000000037,0.019312478136218558,0.5231980292233964,2.0155422043487117,0.10333533473516478,0.5667215335770791,0.009819887134319574
2.000000000000001,0.09218347989124669,0.01465980613843137,0.6684760000000027,0.0249760000000037,0.5082291871026486,0.9292352629152151,1.6840243032502658,0.273802752384355,0.5762925201087561,0.01031619386157233
2.0500000000000007,0.10481174623041492,0.014302156901273148,0.684976000000003,0.0249760000000037,0.4313008278492111,0.782663183962479,1.4054494244530717,0.23123124034508383,0.5801642537695881,0.010673843098730552
2.1000000000000005,0.10678102897261442,0.014320389637744665,0.7014760000000047,0.0249760000000037,0.03269447093387057,0.5228918147237003,1.9607893751593188,0.10582595917287065,0.5946949710273902,0.010655610362259035
2.1500000000000004,0.10678102897261442,0.014320389637744665,0.7179760000000064,0.0249760000000037,0.033356422017662646,0.5545100988277427,2.0846147072403203,0.11197457539912484,0.611194971027392,0.010655610362259035
2.2,0.11729968273410893,0.015201379073315162,0.7344760000000069,0.0249760000000037,-0.6959213143740564,-0.3038535106639244,1.5682712148405278,-0.19043330000723444,0.617176317265898,0.009774620926688538
2.25,0.12265665779660105,0.015919851734953507,0.7509760000000061,0.0249760000000037,-0.6068489109191031,-0.14592440928434713,1.8436980065390238,-0.1433853943244667,0.628319342203405,0.009056148265050194
2.3,0.12311554699187154,0.015981065996058308,0.7674760000000045,0.0249760000000037,-0.06689856346382655,0.4614285181762124,2.1133083265601558,0.07514856280235921,0.6443604530081329,0.008994934003945392
2.3499999999999996,0.12668393503316194,0.016369077259396073,0.7839760000000027,0.0249760000000037,-0.345953085895079,0.1485189376704664,1.9778880942621817,-0.03760650442373574,0.6572920649668408,0.008606922740607627
2.3999999999999995,0.13404136751683599,0.016952825258174077,0.8004760000000012,0.0249760000000037,-0.5105217167887042,-0.059817677276206876,1.8028161580499893,-0.10863607505998306,0.6664346324831651,0.008023174741829623
2.4499999999999993,0.13499658459634217,0.017026477904280236,0.8169760000000005,0.0249760000000037,-0.10899628902502659,0.4277352314886217,2.146926082054593,0.060712179516875256,0.6819794154036583,0.007949522095723464
2.499999999999999,0.13499658459634217,0.017026477904280236,0.8334760000000013,0.0249760000000037,-0.05356227371931527,0.5014715801420382,2.220135415445414,0.08531605836623295,0.6984794154036591,0.007949522095723464
2.549999999999999,0.1461622597624973,0.017723969565290886,0.8499760000000031,0.0249760000000037,-0.6133524155079698,-0.19571317597578977,1.67055695812872,-0.1541077317111923,0.7038137402375058,0.007252030434712814
2.5999999999999988,0.1461622597624973,0.017723969565290886,0.8664760000000046,0.0249760000000037,-0.07588956059703883,0.48768819694713256,2.2543110301766855,0.07843783549525594,0.7203137402375073,0.007252030434712814
2.6499999999999986,0.15357027183922642,0.01834674243974439,0.8829760000000046,0.0249760000000037,-0.5925434496630169,-0.11797399617472004,1.8982778139531873,-0.13533665635004513,0.7294057281607782,0.006629257560259311
2.6999999999999984,0.1585355158348758,0.01876390056621361,0.8994760000000033,0.0249760000000037,-0.4409949190745698,0.06861990404987484,2.0384592924977785,-0.07092857429041809,0.7409404841651275,0.006212099433790089
2.7499999999999982,0.15913450711771684,0.018805832688596032,0.915976000000002,0.0249760000000037,-0.14403002955934074,0.4263150411173674,2.2813802827068326,0.05376857363010032,0.7568414928822852,0.006170167311407668
2.799999999999998,0.15913450711771684,0.018805832688596032,0.932476000000002,0.0249760000000037,-0.11416555775115098,0.47004773933431476,2.336853188341863,0.06778708220631692,0.7733414928822852,0.006170167311407668
2.849999999999998,0.1713212914269661,0.019391671121223104,0.9489760000000034,0.0249760000000037,-0.5667932522487117,-0.13310288946766335,1.7347614511241933,-0.13331355080311905,0.7776547085730373,0.005584328878780596
2.8999999999999977,0.1727964137251495,0.01948105463149855,0.9654760000000052,0.0249760000000037,-0.20450948787835874,0.3689091490757661,2.2936745478164995,0.031314221180458554,0.7926795862748557,0.005494945368505151
2.9499999999999975,0.17396105895982897,0.019549571223523087,0.981976000000006,0.0249760000000037,-0.19287139497888833,0.39038096704127184,2.3330094480806407,0.03762087086902543,0.808014941040177,0.005426428776480613
2.9999999999999973,0.18393769598248244,0.019988568133224558,0.9984760000000054,0.0249760000000037,-0.4747280609396046,0.0010242994233657932,1.9030094414518817,-0.09022928790785502,0.8145383040175229,0.004987431866779142
3.049999999999997,0.1857036139364093,0.020084783729159266,1.0149760000000039,0.0249760000000037,-0.23141776811366396,0.3527011794721676,2.3364757903433264,0.02310160216352451,0.8292723860635945,0.004891216270844434
3.099999999999997,0.1857036139364093,0.020084783729159266,1.031476000000002,0.0249760000000037,-0.16137998414635304,0.45121188096007536,2.4503674604257135,0.05520607558356615,0.8457723860635927,0.004891216270844434
3.149999999999997,0.19180818591534057,0.020353754382303125,1.0479760000000005,0.0249760000000037,-0.36761148485633927,0.17278555797487555,2.1615881713248593,-0.037109700358374034,0.8561678140846599,0.004622245617700575
3.1999999999999966,0.19180818591534057,0.020353754382303125,1.0644759999999995,0.0249760000000037,-0.1735376824022404,0.4495721771191491,2.492439438085558,0.052577998993696896,0.872667814084659,0.004622245617700575
3.2499999999999964,0.20487901678665404,0.02098694333750998,1.080976,0.0249760000000037,-0.6631892081796572,-0.201959771880602,1.8449177451962209,-0.16479028191623984,0.8760969832133458,0.003989056662493721
3.2999999999999963,0.20628121872509547,0.021067913230440972,1.0974760000000017,0.0249760000000037,-0.25792576417391244,0.35504600675446796,2.4518870837135216,0.018499093824867724,0.8911947812749061,0.003908086769562728
3.349999999999996,0.21177272991295548,0.021257066510175154,1.1139760000000032,0.0249760000000037,-0.33410510413582084,0.2321040352968969,2.264836557730871,-0.019428775016937894,0.9022032700870477,0.0037189334898285464
3.399999999999996,0.21828375391628976,0.02140327757180331,1.1304760000000036,0.0249760000000037,-0.2959211829517056,0.26151796034783154,2.2297565731981486,-0.006552994781690297,0.9121922460837139,0.0035727224282003887
3.4499999999999957,0.2184287670893722,0.021406480721893054,1.1469760000000027,0.0249760000000037,-0.2137810725813052,0.4295984629646793,2.573518142183938,0.04110807435873792,0.9285472329106305,0.003569519278110646
3.4999999999999956,0.22497434330692254,0.02154833211521663,1.163476000000001,0.0249760000000037,-0.3007421484360382,0.26659788338668255,2.269360127290883,-0.006503669533210604,0.9385016566930785,0.003427667884787069
3.5499999999999954,0.23067639168912468,0.021730311703330795,1.1799760000000008,0.0249760000000037,-0.3479898108709217,0.234180875652429,2.3286827460934028,-0.021677892422570032,0.9492996083108761,0.003245688296672905
3.599999999999995,0.23347508945673795,0.021841200702240795,1.196476000000002,0.0249760000000037,-0.3094768331745386,0.31436447459597966,2.495365231082073,0.0009309793183697134,0.9630009105432642,0.0031347992977629052
3.649999999999995,0.23929493665246038,0.022058773049314317,1.2129760000000038,0.0249760000000037,-0.3917270403147036,0.1985983771718952,2.3613016699463953,-0.036786412027201607,0.9736810633475435,0.0029172269506893833
3.699999999999995,0.24405104352606927,0.022225033885766275,1.229476000000005,0.0249760000000037,-0.36011920866466035,0.24815327900985978,2.4330899506980805,-0.021326843743771536,0.9854249564739357,0.0027509661142374256
3.7499999999999947,0.24508991779581918,0.02225576242468003,1.2459760000000044,0.0249760000000037,-0.26854424391645265,0.39224179497567174,2.6431441555684976,0.023561438296994114,1.0008860822041852,0.002720237575323671
3.7999999999999945,0.24508991779581918,0.02225576242468003,1.262476000000003,0.0249760000000037,-0.25132305565555474,0.42889075812898075,2.720855255138142,0.03382241951874781,1.0173860822041838,0.002720237575323671
3.8499999999999943,0.2533149469373364,0.022452928450654,1.2789760000000014,0.0249760000000037,-0.3792481153455973,0.20151236350516677,2.3230419154030564,-0.03385442892198678,1.025661053062665,0.0025230715493496994
3.899999999999994,0.2608338960915814,0.022671622331805013,1.2954759999999996,0.0249760000000037,-0.41001165361354547,0.18320137967125255,2.372852133139192,-0.043201956941389126,1.0346421039084182,0.002304377668198687
3.949999999999994,0.26470099510210576,0.022787155270079545,1.3119759999999987,0.0249760000000037,-0.3480639051529604,0.2957964115506414,2.575441266814407,-0.00995571306710838,1.047275004897893,0.0021888447299241547
3.999999999999994,0.26470099510210576,0.022787155270079545,1.328475999999999,0.0249760000000037,-0.27433037007137195,0.4243221280150322,2.7946099923456167,0.028569858655935285,1.0637750048978933,0.0021888447299241547
4.049999999999994,0.26470099510210576,0.022787155270079545,1.3449760000000006,0.0249760000000037,-0.27752084966421975,0.42758921717342735,2.8204402673505884,0.028584450954134782,1.0802750048978949,0.0021888447299241547
4.099999999999993,0.2749176459275668,0.022981395073333844,1.3614760000000024,0.0249760000000037,-0.3900044468662936,0.19002538018206122,2.3201193081934193,-0.03809125079699664,1.0865583540724355,0.001994604926669856
4.149999999999993,0.28393274261655177,0.02316959048439731,1.377976000000003,0.0249760000000037,-0.398674009204161,0.19945559410609898,2.39251841324104,-0.03794636478058324,1.094043257383451,0.0018064095156063893
4.199999999999993,0.28559591475743273,0.023212457348200294,1.394476000000002,0.0249760000000037,-0.32147596718953814,0.3743937234404789,2.783478762520068,0.010079572619226812,1.1088800852425693,0.0017635426518034063
4.249999999999993,0.28559591475743273,0.023212457348200294,1.4109760000000005,0.0249760000000037,-0.29756584775667816,0.4255623396556524,2.892512749649322,0.024380284171233186,1.1253800852425677,0.0017635426518034063
4.299999999999993,0.28559591475743273,0.023212457348200294,1.427476,0.0249760000000037,-0.3007714707709375,0.42882968666272486,2.9184046297346495,0.024392041122245207,1.1418800852425672,0.0017635426518034063
4.3499999999999925,0.2884865932550799,0.023277662841807344,1.443976000000001,0.0249760000000037,-0.3441376443312748,0.3547223997968918,2.7954401765126664,0.00201614389821275,1.155489406744921,0.0016983371581963565
4.399999999999992,0.31162817940316967,0.023629452940850282,1.4604760000000028,0.0249760000000037,-0.47644023537356617,-0.03291991972630551,1.7740812625890425,-0.09702098192378507,1.148847820596833,0.0013465470591534183
4.449999999999992,0.3149214376019799,0.023704713738101176,1.4769760000000038,0.0249760000000037,-0.36310401531479397,0.33376344151449366,2.7874698273171505,-0.005588680723866719,1.162054562398024,0.001271286261902524
4.499999999999992,0.3182975416368665,0.023737032999051635,1.4934760000000036,0.0249760000000037,-0.32844671105460893,0.37260042842520563,2.8041885579192583,0.008410231880113648,1.175178458363137,0.0012389670009520654
4.549999999999992,0.3199195875258026,0.023732546794414507,1.5099760000000024,0.0249760000000037,-0.3100036422222165,0.41884597097673465,2.9153984527958046,0.020731872143717744,1.1900564124742,0.0012434532055891935
4.599999999999992,0.3199195875258026,0.023732546794414507,1.5264760000000006,0.0249760000000037,-0.32728966720601016,0.4283246587077495,3.0224573036550386,0.019244760286045597,1.206556412474198,0.0012434532055891935
4.6499999999999915,0.3199195875258026,0.023732546794414507,1.542975999999999,0.0249760000000037,-0.3305145388264734,0.43159305119040836,3.048430360067527,0.019253049974082854,1.2230564124741965,0.0012434532055891935
4.699999999999991,0.3199195875258026,0.023732546794414507,1.5594759999999979,0.0249760000000037,-0.33374147294693945,0.43486350617307035,3.074419916480039,0.019261339662120163,1.2395564124741953,0.0012434532055891935
4.749999999999991,0.3199195875258026,0.023732546794414507,1.5759759999999978,0.0249760000000037,-0.33697046956741117,0.4381360236557382,3.1004259728925976,0.019269629350157524,1.2560564124741953,0.0012434532055891935
4.799999999999991,0.34981388438109706,0.023559965893408686,1.5924759999999993,0.0249760000000037,0.007788301302444567,0.40450388804260506,1.586862346960642,0.07853184558953326,1.2426621156189022,0.001416034106595014
4.849999999999991,0.357137180029117,0.023650927572242436,1.608976000000001,0.0249760000000037,-0.36812188082304187,0.3144854448450415,2.7304293026723334,-0.010216463995809603,1.251838819970884,0.001325072427761264
4.899999999999991,0.35843321627758934,0.02368314483199775,1.625476000000002,0.0249760000000037,-0.3582230870310883,0.4057432282340727,3.055865261060644,0.009051455467235122,1.2670427837224125,0.0012928551680059484
4.94999999999999,0.3664629629132714,0.02389996381962565,1.6419760000000012,0.024976000000003697,-0.48508418842704804,0.19820597026885736,2.7331606347836215,-0.05464347012536965,1.2755130370867298,0.0010760361803780483
4.99999999999999,0.37206159591894905,0.0240358188758216,1.6584759999999998,0.024976000000003693,-0.4351897587790332,0.282898936515809,2.872354781179369,-0.029007775669185575,1.2864144040810508,0.0009401811241820934
5.04999999999999,0.37429257263695614,0.02407149187198634,1.674975999999999,0.0249760000000037,-0.3723369226005371,0.39352353087778746,3.063441813913298,0.0040355444337619745,1.3006834273630428,0.0009045081280173589
5.09999999999999,0.3761204697762135,0.024092851262721014,1.691476,0.024976000000003714,-0.36579243284797136,0.4109373928200921,3.106919302672254,0.008599039994689658,1.3153555302237865,0.0008831487372827004
5.14999999999999,0.38291973140976454,0.024133384572641678,1.7079760000000017,0.02497600000000372,-0.3545323581391174,0.3640244523048512,2.8742272417758743,0.0018080179363302415,1.3250562685902372,0.000842615427362043
5.1999999999999895,0.3883927068180581,0.024126284930936197,1.7244760000000032,0.0249760000000037,-0.32317615628824903,0.4164283870166158,2.958418173219459,0.017762329662546043,1.336083293181945,0.0008497150690675026
5.249999999999989,0.3883927068180581,0.024126284930936197,1.7409760000000032,0.024976000000003648,-0.3668423919803383,0.4476999897514655,3.2581695269272153,0.015401447194500413,1.352583293181945,0.0008497150690674506
5.299999999999989,0.3883927068180581,0.024126284930936197,1.757476000000002,0.02497600000000362,-0.3700924073782258,0.45097974517685435,3.2842886102203206,0.015407111961643535,1.3690832931819439,0.0008497150690674228
5.349999999999989,0.3883927068180581,0.024126284930936197,1.7739760000000002,0.02497600000000369,-0.37334448527602493,0.45426156310233934,3.310424193513457,0.015412776728821784,1.385583293181942,0.0008497150690674922
5.399999999999989,0.3897967381083466,0.02411961326778888,1.7904759999999982,0.024976000000003884,-0.3615470455730611,0.45451976975831104,3.2642672613254886,0.017709090320999984,1.4006792618916517,0.0008563867322150046
5.449999999999989,0.41924891460377156,0.02407942923103603,1.8069759999999968,0.024976000000004,-0.15359722297582934,0.3073576428769095,1.8438194634109553,0.02928769902877716,1.3877270853962251,0.0008965707689679685
5.4999999999999885,0.42947006647511465,0.024184528347017,1.8234759999999968,0.02497600000000375,-0.4050104213253341,0.29903532186008747,2.8161829727416863,-0.020185733231475544,1.3940059335248822,0.0007914716529867499
5.549999999999988,0.4342637306314775,0.02426122969181883,1.8399759999999987,0.02497600000000303,-0.41845572358774724,0.35817492004366075,3.106522574525632,-0.011482057817921233,1.4057122693685211,0.0007147703081842004
5.599999999999988,0.4372283065193341,0.02429675918024957,1.856476000000001,0.02497600000000259,-0.39749821128037244,0.40742663167279136,3.219699371812655,0.001891127693794081,1.4192476934806668,0.00067924081975302
5.649999999999988,0.4372283065193341,0.02429675918024957,1.8729760000000013,0.024976000000003457,-0.38819983994809326,0.4603286385266092,3.39411391389881,0.013738818776860192,1.4357476934806672,0.0006792408197538874
5.699999999999988,0.4497766487942527,0.024419880609365424,1.8894759999999982,0.02497600000000611,-0.4216470548715308,0.2718689416513376,2.7740639860914738,-0.028529164422893938,1.4396993512057454,0.0005561193906406872
5.749999999999988,0.4563697130661708,0.024494208287049023,1.905975999999995,0.024976000000007846,-0.4201544313079203,0.35188004272223106,3.0881378961206054,-0.013004645444893192,1.4496062869338242,0.0004817917129588227
5.799999999999987,0.46223444554660453,0.024532498587926582,1.9224759999999972,0.024976000000004817,-0.3963478022836044,0.3891441048486585,3.1419676285290516,-0.0013721328447515982,1.4602415544533927,0.00044350141207823504
5.849999999999987,0.46223444554660453,0.024532498587926582,1.9389760000000076,0.024975999999995026,-0.4027689484456817,0.46258880008075043,3.4614309941057284,0.011394257454298813,1.476741554453403,0.00044350141206844426
5.899999999999987,0.472965709414248,0.024484110137984395,1.955476000000016,0.024975999999988233,-0.29334680249502854,0.4404040513080687,2.935003415212389,0.02801090453581718,1.4825102905857679,0.0004918898620038387
5.949999999999987,0.48059675919903,0.02444290692653828,1.9719760000000068,0.024975999999998794,-0.3197686613139619,0.4564335696654626,3.104808923917698,0.02603141111457156,1.4913792408009767,0.0005330930734605138
5.999999999999987,0.48587237159046914,0.02444560810940227,1.9884759999999713,0.024976000000034863,-0.375260512336813,0.4349694823192807,3.2409199786243748,0.011373137139517655,1.5026036284095021,0.0005303918906325936
6.0499999999999865,0.4891920721144254,0.024464285952628093,2.004975999999944,0.024976000000061335,-0.4046066568773321,0.43539379440805637,3.360001805141554,0.005864216672518907,1.5157839278855187,0.0005117140474332413
6.099999999999986,0.4891920721144254,0.024464285952628093,2.021475999999979,0.024976000000024673,-0.4122880029129163,0.4757792759051312,3.55226911527219,0.012093575808040944,1.5322839278855536,0.0005117140473965796
6.149999999999986,0.4891920721144254,0.024464285952628093,2.03797600000011,0.024975999999891956,-0.4155663960190786,0.4790755787825181,3.5785678992063867,0.01209698719303611,1.5487839278856848,0.0005117140472638629
6.199999999999986,0.5095871868447445,0.024682550702690147,2.054476000000211,0.02497599999978915,-0.4842656766057221,0.15436291824532272,2.5545143794041794,-0.06283862064007607,1.5448888131554668,0.00029344929709900283
6.249999999999986,0.5153989880795586,0.02477318194330559,2.070976000000084,0.02497599999991589,-0.46830607001017205,0.3570109123200635,3.301267929320942,-0.021199077655258778,1.5555770119205252,0.00020281805661029675
6.299999999999986,0.5153989880795586,0.02477318194330559,2.0874759999995973,0.02497600000040362,-0.42861420207779866,0.4759308149346392,3.6181800680497513,0.009012688163207713,1.5720770119200387,0.00020281805709802814
6.349999999999985,0.5305064327752016,0.024879006730036235,2.103975999999201,0.024976000000801607,-0.4300233524352462,0.2865941815158775,2.866470135804495,-0.027319842079879746,1.5734695672239993,9.699327076537201e-05
6.399999999999985,0.5331531690695357,0.024876063926699627,2.120475999999638,0.02497600000036554,-0.41544804463650603,0.46252014894495036,3.5118727743258256,0.008966115106370355,1.5873228309301024,9.993607366591203e-05
6.449999999999985,0.542330036956127,0.024858600140591963,2.136976000001428,0.024975999998575346,-0.36304080299408004,0.43644558174012005,3.1979455389368003,0.013981862618293341,1.594645963045301,0.00011739985798338293
6.499999999999985,0.550263056819171,0.024801403180894698,2.153476000002963,0.0249759999970392,-0.3363505602479075,0.48229734555700204,3.274591623219638,0.02779938767792277,1.603212943183792,0.00017459681614450176
6.549999999999985,0.5556070591562046,0.024772458236012068,2.1699760000014696,0.02497599999853137,-0.3787826073769744,0.4768151088013703,3.4223908647133787,0.018672857414170643,1.614368940845265,0.0002035417625193027
6.5999999999999845,0.5556070591562046,0.024772458236012068,2.186475999994907,0.024976000005094093,-0.44080348933858815,0.4881894732020424,3.7159718501625223,0.009025901688276997,1.6308689408387025,0.0002035417690820253
6.649999999999984,0.5704271585722057,0.024844550967263904,2.2029759999889955,0.02497600001100722,-0.41366819409197286,0.3311116257128607,2.979119279219334,-0.015725060643640404,1.63254884141679,0.00013144904374331676
6.699999999999984,0.5771390641870602,0.024912571346436454,2.2194759999940707,0.024976000005933623,-0.46460609756738996,0.3856072646003201,3.40085344867084,-0.015047396755632365,1.6423369358070106,6.342865949716947e-05
6.749999999999984,0.5798674232423948,0.024936792691503073,2.2359760000181,0.02497599998190492,-0.4546034520072765,0.4509826349770557,3.6223443479373287,-0.00068967943432777,1.6561085767757053,3.920729040184784e-05
6.799999999999984,0.5798674232423948,0.024936792691503073,2.2524760000408044,0.024975999959200117,-0.4537641513489831,0.492532075861058,3.7851849088401646,0.007384366573728541,1.6726085767984096,3.920726769704452e-05
6.849999999999984,0.599168132373908,0.024993606620549547,2.2689760000236805,0.024975999976322355,-0.3840221175387329,0.32038243076956013,2.817618193233172,-0.012121845098890048,1.6698078676497725,-1.7606644227192297e-05
6.8999999999999835,0.603659451477867,0.025001681576996393,2.28547599993581,0.0249760000641913,-0.43660838983614114,0.45783724206815035,3.577782527617166,0.0040435909013350835,1.681816548457943,-2.568151280509315e-05
6.949999999999983,0.603659451477867,0.025001681576996393,2.3019759998488296,0.024976000151170033,-0.46092006014457926,0.4962791400339685,3.828796800714191,0.006735062836074144,1.6983165483709626,-2.5681425826359905e-05
6.999999999999983,0.6114657960467595,0.024999817778829918,2.3184759999060978,0.024976000093901003,-0.41229471697565223,0.4510120523372705,3.453227077251691,0.00737473054507014,1.7070102038593382,-2.3817684928914562e-05
7.049999999999983,0.6114657960467595,0.024999817778829918,2.3349760002270172,0.024975999772982423,-0.4660251234010822,0.501479335168165,3.870017834276989,0.006753183193730066,1.7235102041802577,-2.3818005847494467e-05
7.099999999999983,0.6114657960467595,0.024999817778829918,2.3514760005595035,0.02497599944049775,-0.46933672175392566,0.5047902383771888,3.8965078405244578,0.0067530507853834545,1.740010204512744,-2.3818338332166206e-05
7.149999999999983,0.6114657960467595,0.024999817778829918,2.367976000370029,0.024975999629973974,-0.4726497081036527,0.5081038690218966,3.9230143085021973,0.006753173508236931,1.7565102043232694,-2.38181488559433e-05
7.199999999999982,0.6427930890370813,0.024940899004553752,2.3844759991994438,0.024976000800559225,-0.22118934434701593,0.3628482390088778,2.336150333423575,0.026982646602259405,1.7416829101623623,3.510179600547253e-05
7.249999999999982,0.6456021964112183,0.024946060153022115,2.4009759979310528,0.02497600206894877,-0.458419546966533,0.48766828746978963,3.7843513377452904,0.005571188667286984,1.7553738015198346,2.9941915926656043e-05
7.299999999999982,0.6456021964112183,0.024946060153022115,2.4174759985495187,0.02497600145048134,-0.4747778731915565,0.5130543101669617,3.9513287334340728,0.007290749900077176,1.7718738021383005,2.9941297459225996e-05
7.349999999999982,0.664402922491346,0.02503011994315842,2.4339760028138726,0.024975997186127676,-0.43282753553836684,0.31957525744470405,3.0096111719322836,-0.021571862494031008,1.7695730803225267,-5.4122757030743845e-05
7.399999999999982,0.678793813851359,0.025150731553009696,2.4504760076434353,0.02497599235656636,-0.49615742643345095,0.3126021304679554,3.2350382276056253,-0.03496291351723725,1.7716821937920764,-0.00017473919644333744
7.4499999999999815,0.6807005344729812,0.025163711626005038,2.4669760056592835,0.024975994340719843,-0.483299649340025,0.48743095162105676,3.882922403844327,0.0007869147201965294,1.7862754711863023,-0.0001877172852851952
7.499999999999981,0.6895481799366187,0.025173762394263013,2.483475990144795,0.024976009855209258,-0.4392650282842877,0.4480218852122112,3.5491476539859956,0.0016679727481759097,1.7939278102081762,-0.00019775253905375545
7.549999999999981,0.6904619858932304,0.02517095148667866,2.499975971788645,0.02497602821135838,-0.48067650651164573,0.5120806123294526,3.971028475364393,0.005981734441487027,1.8095139858954148,-0.0001949232753202801
7.599999999999981,0.6904619858932304,0.02517095148667866,2.516475978010227,0.024976021989775308,-0.4922081900935747,0.518616009386895,4.043296797921879,0.005030060817775289,1.8260139921169964,-0.00019492949690335173
7.649999999999981,0.6904619858932304,0.02517095148667866,2.532976034380073,0.02497596561992747,-0.49559936096726154,0.5218738704914965,4.069892925835032,0.0050046684808066535,1.8425140484868427,-0.00019498586675118987
7.699999999999981,0.6904619858932304,0.02517095148667866,2.5494761040288356,0.024975895971163294,-0.49892971235480066,0.5251957841391823,4.096501985975932,0.005003061292263182,1.8590141181356052,-0.00019505551551536604
7.7499999999999805,0.6904619858932304,0.02517095148667866,2.5659760851297126,0.024975914870285245,-0.5021330882610668,0.5286469679421797,4.123120224812986,0.005050262796402452,1.8755140992364823,-0.0001950366163934146
7.79999999999998,0.6965232045959885,0.025151357922023207,2.582475880593029,0.02497611940696951,-0.44855026582120117,0.5108472177154181,3.837589934146477,0.011866086075088942,1.8859526759970402,-0.0001752385150536953
7.84999999999998,0.7489694966859877,0.02538956492649543,2.5989756167550997,0.024976383244900528,-0.38395464348422004,-0.017388160783997658,1.4662659308008896,-0.07644624843204147,1.850006120069112,-0.0004131816815949006
7.89999999999998,0.7533608644754018,0.02542924316313642,2.6154756715239413,0.024976328476060662,-0.5146013618206894,0.4576645148955998,3.8890635068651567,-0.010845113700017058,1.8621148070485396,-0.0004529146870757596
7.94999999999998,0.7535348290793689,0.025429308313270286,2.6319764126622562,0.024975587337745637,-0.5104892070221094,0.5210986355056604,4.126351370111079,0.0020208435206763766,1.8784415835828874,-0.0004537209755246484
7.99999999999998,0.7565595531397085,0.025406544286982077,2.64847741055214,0.02497458944786071,-0.47497604613671857,0.5265050218741429,4.005924272043446,0.009815042997604634,1.8919178574124316,-0.0004319548391213679
8.04999999999998,0.7565595531397085,0.025406544286982077,2.664977263641664,0.024974736358335293,-0.5154652662916696,0.5304657166588352,4.183723931802019,0.0028572286413648756,1.9084177105019555,-0.0004318079286467838
8.09999999999998,0.7737361931010345,0.025041794900481126,2.6814745818896837,0.024977418110315595,-0.0762021468616303,0.7551973438225026,3.3255979627365315,0.12933241846873758,1.9077383887886492,-6.437679016553163e-05
8.14999999999998,0.7858058107638073,0.02479540531856245,2.6979708133315596,0.02498118666844139,-0.20571439301672456,0.6916542229153196,3.589474463728177,0.0925599675997324,1.9121650025677523,0.00018578134987894124
8.199999999999982,0.7890442209009495,0.024791349903674164,2.714471152059793,0.024980847940210087,-0.4816062625880592,0.5316925311368682,4.0531951748997095,0.00954024162834456,1.9254269311588432,0.00018949803653592334
8.249999999999982,0.8004804050965584,0.02506930214658881,2.7309808418789356,0.024971158121068548,-0.6978411083175976,0.2155404769336392,3.653526341004947,-0.09186678693027779,1.9305004367823773,-9.814402552026091e-05
8.299999999999983,0.8076227700798349,0.0252873336307593,2.747495053287498,0.0249569467125059,-0.6827324796372777,0.288355069045513,3.8843501947311627,-0.07511950677938374,1.9398722832076634,-0.00033038691825340236
8.349999999999984,0.809687965038113,0.025327476094816656,2.7639945525053933,0.0249574474946097,-0.54107332575281,0.49907197176729584,4.160581190080423,-0.008000257902002685,1.9543065874672803,-0.000370028600206955
8.399999999999984,0.809687965038113,0.025327476094816656,2.7804595921601725,0.02499240783982897,-0.47685373887602617,0.5951434493880021,4.287988753056113,0.022531373430852552,1.9707716271220594,-0.0003350682549876846
8.449999999999985,0.809687965038113,0.025327476094816656,2.796906075717422,0.02504592428257821,-0.46759694644498573,0.6109057680225819,4.3140108578702705,0.02729691839573261,1.987218110679309,-0.0002815518122384446
8.499999999999986,0.8212864821076353,0.025349457977019103,2.813405165441681,0.025046834558318392,-0.49434966184150236,0.44261773087009276,3.7478695708463805,-0.009853701137411361,1.9921186833340458,-0.0003026234187007114
8.549999999999986,0.8504741007554378,0.024476297912961215,2.830031110992738,0.024920889007262366,0.2558997510693914,0.9711232629196178,2.860894047400906,0.23371866933123986,1.9795570102373001,0.00044459109430115135
8.599999999999987,0.85512624045756,0.024365011731229763,2.846732363606382,0.02471963639361997,-0.6190703905805852,0.40857385148612835,4.110576968266854,-0.04009457887513463,1.9916061231488222,0.0003546246623902065
8.649999999999988,0.8573994615526674,0.0243562716903355,2.863245872825453,0.024706127174551135,-0.44514256878819736,0.6140859128970702,4.23691392674107,0.032179684592166254,2.0058464112727856,0.00034985548421563595
8.699999999999989,0.8638509370776613,0.024524002469173186,2.879292850128097,0.02515914987190754,0.041549632324591856,1.0440061337056303,4.009826005524154,0.20677252686289946,2.015441913050436,0.0006351474027343554
8.74999999999999,0.8638509370776613,0.024524002469173186,2.895037039014813,0.025914960985190794,0.38215364322590717,1.4685803091957015,4.345706663879177,0.3525207528422112,2.031186101937152,0.0013909585160176083
8.79999999999999,0.8895233800829002,0.026047950207932515,2.9114498542909284,0.026002145709074064,-1.8383594210160554,-1.0614607859975678,3.1075945400739515,-0.552346706097833,2.021926474208028,-4.580449885845106e-05
8.84999999999999,0.8911030863020121,0.026243931289807364,2.9295767843870375,0.024375215612965132,-3.131721155193129,-2.014983781985195,4.466949492831737,-0.9803247499387284,2.0384736980850255,-0.0018687156768422315
8.899999999999991,0.8911030863020121,0.026243931289807364,2.9489115243835387,0.021540475616465802,-3.9709222219240212,-2.813589362300653,4.629331438493474,-1.2922879208046998,2.0578084380815267,-0.004703455673341562
8.949999999999992,0.9161156371069935,0.028523021036767425,2.965870497221758,0.021081502778248322,-2.2529350464811717,-1.462208041317342,3.162908020655319,-0.7076463024378121,2.049754860114765,-0.007441518258519103
8.999999999999993,0.9161156371069935,0.028523021036767425,2.976520101130819,0.02693189886918831,6.0,6.0,3.9537530667352834,3.2959923299546476,2.0604044640238257,-0.0015911221675791141
9.049999999999994,0.9161156371069935,0.028523021036767425,2.979219078185328,0.04073292181467897,6.0,6.0,3.4299157946041317,6.967076233107432,2.0631034410783347,0.012209900777911543
9.099999999999994,0.9161156371069935,0.028523021036767425,2.9772702584864725,0.05918174151353307,6.0,6.0,3.1431695103008455,9.057663550741404,2.061154621379479,0.030658720476765648
9.149999999999995,0.9233855400139043,0.02612412314341922,2.974614786073408,0.07833721392659729,6.0,6.0,2.75527959259123,10.150240896395188,2.0512292460595036,0.05221309078317807
9.199999999999996,0.9233855400139043,0.02612412314341922,2.973837352175441,0.095614647824566,6.0,6.0,3.2496829567812338,8.657019755229197,2.0504518121615365,0.06949052468114678
9.249999999999996,0.935123939117654,0.034369939276803,2.974337333432837,0.11161466656717221,6.0,6.0,2.726789960076865,5.4608355559869235,2.0392133943151833,0.07724472729036921
9.299999999999997,0.935123939117654,0.034369939276803,2.9750581381652332,0.12739386183477738,6.0,6.0,3.322007246021823,8.333345116208188,2.039934199047579,0.09302392255797438
9.349999999999998,0.935123939117654,0.034369939276803,2.9752812473254995,0.14367075267451038,6.0,6.0,3.28964671964438,8.728411679534602,2.0401573082078457,0.10930081339770738
9.399999999999999,0.935123939117654,0.034369939276803,2.975153487680253,0.16029851231975598,6.0,6.0,3.2697674860484542,9.04037962431774,2.0400295485625985,0.12592857304295296
9.45,0.9194196140765772,0.046135988141179786,2.97495807187607,0.1769939281239384,6.0,6.0,4.078349255429967,5.181551958427271,2.055538457799493,0.13085793998275863
9.5,0.9194544383116195,0.04629078862761465,2.9748942508768303,0.19355774912317916,6.0,6.0,3.302564462307735,9.155272077789315,2.055439812565211,0.1472669604955645
9.55,0.9194544383116195,0.04629078862761465,2.974926748710351,0.2100252512896607,6.0,6.0,3.312393129593507,9.332750581530695,2.0554723103987316,0.16373446266204605
9.600000000000001,0.9190356860718705,0.04677860389681965,2.9749796692433983,0.22647233075661516,6.0,6.0,3.336772413095725,9.326414636135903,2.055943983171528,0.1796937268597955
9.650000000000002,0.9190149489474445,0.04677964377652328,2.9749978884571835,0.24295411154283036,6.0,6.0,3.3165191411940462,9.671234562035014,2.055982939509739,0.1961744677663071
9.700000000000003,0.9186726033175208,0.0465776759470623,2.974989671018586,0.25946232898142657,6.0,6.0,3.3335096447284456,9.918407756091105,2.056317067701065,0.21288465303436427
9.750000000000004,0.9185824034651078,0.04646916604629247,2.9749753294327648,0.27597667056724634,6.0,6.0,3.322846057001635,10.056523539270964,2.056392925967657,0.22950750452095386
9.800000000000004,0.9185824034651078,0.04646916604629247,2.974970077870833,0.2924819221291768,6.0,6.0,3.321038322735567,10.18268785285371,2.056387674405725,0.2460127560828843
9.850000000000005,0.9184006319870708,0.04538139795228751,2.974972115827021,0.3089798841729876,6.0,6.0,3.332915992074794,10.71984644346063,2.0565714838399503,0.2635984862207001
9.900000000000006,0.9184006319870708,0.04538139795228751,2.974976097684458,0.3254759023155506,6.0,6.0,3.325972641356197,10.52353339070486,2.0565754656973874,0.2800945043632631
9.950000000000006,0.9184006319870708,0.04538139795228751,2.9749778470051815,0.3419741529948284,6.0,6.0,3.3278667592504,10.69159373787774,2.0565772150181107,0.2965927550425409
10.000000000000007,0.9207372374954993,0.0451413406712388,2.974977458067256,0.35847454193275563,6.0,6.0,3.2094462455678525,10.942032760506887,2.054240220571757,0.3133332012615168
