t,x_actual,y_actual,x_deseada,y_deseada,Ref_Izq,Ref_Der,Vel_Lineal,Vel_Angular,error_x,error_y
0.05,0.15,0.0,0.0249760000000037,-2.3999999996301286e-05,1.3655508320059493,-1.443254191993974,-11.235220095999694,-0.014800639997719026,-0.1250239999999963,-2.3999999996301286e-05
0.1,0.0,0.0,0.041476000000002025,-2.3999999996301286e-05,-1.9283478359998156,1.9262411160001403,15.418355807999824,-0.0004012799999381575,0.041476000000002025,-2.3999999996301286e-05
0.15000000000000002,0.0,0.0,0.0579760000000009,-2.3999999996301286e-05,-0.24603475399982339,0.24392467400014856,1.9598377119998878,-0.0004019199999380589,0.0579760000000009,-2.3999999996301286e-05
0.2,0.0,0.0,0.07447600000000089,-2.3999999996301286e-05,-0.25122992199983907,0.24911648200016479,2.0013856160000154,-0.0004025599999379602,0.07447600000000089,-2.3999999996301286e-05
0.25,0.0,0.0,0.09097600000000224,-2.3999999996301286e-05,-0.2564333399998572,0.25431654000018344,2.0429995200001625,-0.0004031999999378616,0.09097600000000224,-2.3999999996301286e-05
0.3,0.0,0.0,0.10747600000000404,-2.3999999996301286e-05,-0.2616450079998623,0.259524848000189,2.084679424000205,-0.000403839999937763,0.10747600000000404,-2.3999999996301286e-05
0.35,0.0,0.0,0.12397600000000508,-2.3999999996301286e-05,-0.2668649259998503,0.26474140600017754,2.1264253280001113,-0.0004044799999376643,0.12397600000000508,-2.3999999996301286e-05
0.39999999999999997,0.0,0.0,0.14047600000000446,-2.3999999996301286e-05,-0.2720930939998274,0.2699662140001552,2.1682372319999303,-0.0004051199999375657,0.14047600000000446,-2.3999999996301286e-05
0.44999999999999996,0.0,0.0,0.15697600000000306,-2.3999999996301286e-05,-0.2773295119998177,0.27519927200014604,2.210115135999855,-0.0004057599999374671,0.15697600000000306,-2.3999999996301286e-05
0.49999999999999994,0.0,0.0,0.17347600000000227,-2.3999999996301286e-05,-0.2825741799998273,0.2804405800001561,2.2520590399999336,-0.00040639999993736847,0.17347600000000227,-2.3999999996301286e-05
0.5499999999999999,0.0,0.0,0.18997600000000311,-2.3999999996301286e-05,-0.28782709799984973,0.28569013800017906,2.294068944000115,-0.00040703999993726986,0.18997600000000311,-2.3999999996301286e-05
0.6,0.0,0.0,0.20647600000000493,-2.3999999996301286e-05,-0.29308826599986176,0.29094794600019164,2.3361448480002136,-0.00040767999993717124,0.20647600000000493,-2.3999999996301286e-05
0.65,0.0,0.0,0.22297600000000647,-2.3999999996301286e-05,-0.2983576839998566,0.29621400400018705,2.3782867520001747,-0.0004083199999370725,0.22297600000000647,-2.3999999996301286e-05
0.7000000000000001,0.0,0.0,0.23947600000000668,-2.3999999996301286e-05,-0.3036353519998378,0.3014883120001687,2.420494656000026,-0.0004089599999369739,0.23947600000000668,-2.3999999996301286e-05
0.7500000000000001,0.0,0.0,0.2559760000000057,-2.3999999996301286e-05,-0.3089212699998215,0.3067708700001529,2.4627685599998976,-0.0004095999999368753,0.2559760000000057,-2.3999999996301286e-05
0.8000000000000002,0.0,0.0,0.2724760000000041,-2.3999999996301286e-05,-0.3142154379998129,0.31206167800014484,2.505108463999831,-0.0004102399999367767,0.2724760000000041,-2.3999999996301286e-05
0.8500000000000002,0.0048209148107210276,5.149057669273122e-05,0.28897600000000234,-2.3999999996301286e-05,-0.34712759340517085,0.178262522682049,2.1015604643488794,-0.03216477537583274,0.28415508518928134,-7.54905766890325e-05
0.9000000000000002,0.0048209148107210276,5.149057669273122e-05,0.3054760000000011,-2.3999999996301286e-05,-0.32557708861770046,0.31889676579594545,2.5778954176545836,-0.0012724424422390454,0.3006550851892801,-7.54905766890325e-05
0.9500000000000003,0.0048209148107210276,5.149057669273122e-05,0.3219760000000008,-2.3999999996301286e-05,-0.33089720050067783,0.32420630899818637,2.620414037995457,-0.0012744555242840863,0.3171550851892798,-7.54905766890325e-05
1.0000000000000002,0.010526904318839458,0.0002454017411336331,0.33847600000000205,-2.3999999996301286e-05,-0.5841544769215083,-0.05036152570216129,2.135171804877388,-0.12086019097593706,0.3279490956811626,-0.0002694017411299344
1.0500000000000003,0.012594889837151985,0.00034898308422415616,0.3549760000000039,-2.3999999996301286e-05,-0.49205154083670016,0.1329588903145123,2.50004172460485,-0.06839860009946436,0.3423811101628519,-0.00037298308422045745
1.1000000000000003,0.015069184160821786,0.0004977327264809407,0.37147600000000525,-2.3999999996301286e-05,-0.5697261925346452,0.05526476335955821,2.4999638235768136,-0.09799265317620703,0.35640681583918343,-0.000521732726477242
1.1500000000000004,0.016311285982006873,0.0005812145209442255,0.3879760000000049,-2.3999999996301286e-05,-0.48944011697493595,0.17318302130090402,2.65049255310336,-0.0602394467950537,0.371664714017998,-0.0006052145209405268
1.2000000000000004,0.016802357002738855,0.0006144766124622293,0.40447600000000344,-2.3999999996301286e-05,-0.4254897183355071,0.2644248672055407,2.759658342164191,-0.03067901926285074,0.3876736429972646,-0.0006384766124585306
1.2500000000000004,0.01706008529316022,0.0006321694350371831,0.42097600000000246,-2.3999999996301286e-05,-0.40969088618090826,0.29602924652533663,2.8228805308249796,-0.021649836124870786,0.40391591470684224,-0.0006561694350334843
1.3000000000000005,0.01706008529316022,0.0006321694350371831,0.43747600000000303,-2.3999999996301286e-05,-0.3901365237104243,0.3321154114450522,2.889007740621906,-0.011051640431499449,0.4204159147068428,-0.0006561694350334843
1.3500000000000005,0.01706008529316022,0.0006321694350371831,0.4539760000000048,-2.3999999996301286e-05,-0.39555716352824577,0.3374441875419689,2.9320054042808588,-0.011069138283100341,0.4369159147068446,-0.0006561694350334843
1.4000000000000006,0.01706008529316022,0.0006321694350371831,0.47047600000000644,-2.3999999996301286e-05,-0.4009860533460483,0.3427812136388668,2.9750690679396605,-0.011086636134701235,0.4534159147068462,-0.0006561694350334843
1.4500000000000006,0.021792651736517482,0.0010029237359345958,0.4869760000000069,-2.3999999996301286e-05,-0.9518850047580467,-0.30678065342753863,2.580417405322032,-0.23974583965439722,0.4651833482634894,-0.001026923735930897
1.5000000000000007,0.028466155846013474,0.0016908703732053806,0.5034760000000061,-2.3999999996301286e-05,-1.4631533769966114,-0.8551035533785377,2.432199294472295,-0.44157274864288554,0.47500984415399267,-0.0017148703732016819
1.5500000000000007,0.028466155846013474,0.0016908703732053806,0.5199760000000045,-2.3999999996301286e-05,-0.4602363903751452,0.30877128555071964,3.0760307037034593,-0.028850496157033445,0.49150984415399107,-0.0017148703732016819
1.6000000000000008,0.02262275814606729,0.0011224708814139394,0.5364760000000028,-2.3999999996301286e-05,0.3868025714739984,1.3017651724529695,3.659850403915885,0.32163195122418436,0.5138532418539355,-0.0011464708814102407
1.6500000000000008,0.029862372166066062,0.0018142259650886557,0.5529760000000015,-2.3999999996301286e-05,-1.4843053911968167,-0.8573996990512613,2.507622768582222,-0.4460390648091577,0.5231136278339354,-0.001838225965084957
1.7000000000000008,0.03458213250792758,0.0024108008960099713,0.569476000000001,-2.3999999996301286e-05,-1.392964365606708,-0.7014644220492133,2.7659997742299796,-0.39893881669636605,0.5348938674920733,-0.0024348008960062726
1.7500000000000009,0.033233838649843556,0.0022295666076114526,0.585976000000002,-2.3999999996301286e-05,-0.23426316738380346,0.6054759214951654,3.3589563555158755,0.07070719125930704,0.5527421613501585,-0.002253566607607754
1.800000000000001,0.033233838649843556,0.0022295666076114526,0.6024760000000038,-2.3999999996301286e-05,-0.5101374864512406,0.3101467327822033,3.2811368769337754,-0.03809347688934043,0.5692421613501603,-0.002253566607607754
1.850000000000001,0.033233838649843556,0.0022295666076114526,0.6189760000000053,-2.3999999996301286e-05,-0.5157443571944436,0.31543810420034124,3.324729845579139,-0.03815357199887663,0.5857421613501618,-0.002253566607607754
1.900000000000001,0.033233838649843556,0.0022295666076114526,0.6354760000000051,-2.3999999996301286e-05,-0.521359477937628,0.3207377256184607,3.368388814224355,-0.03821366710841284,0.6022421613501616,-0.002253566607607754
1.950000000000001,0.025089882065329208,0.0013613043206821128,0.6519760000000039,-2.3999999996301286e-05,0.7844089366593938,1.8257745223502815,4.165462342763551,0.49717780171612863,0.6268861179346746,-0.0013853043206784141
2.000000000000001,0.03314902954001703,0.00212435417186847,0.6684760000000027,-2.3999999996301286e-05,-1.6391120058876338,-0.9564054017300049,2.7308264166305163,-0.49438426811764546,0.6353269704599858,-0.0021483541718647714
2.0500000000000007,0.03788388466633691,0.0027133382346859335,0.684976000000003,-2.3999999996301286e-05,-1.432316498381168,-0.6668130087238374,3.062013958629323,-0.3998341918295249,0.6470921153336662,-0.0027373382346822348
2.1000000000000005,0.03788388466633691,0.0027133382346859335,0.7014760000000047,-2.3999999996301286e-05,-0.5636133793488726,0.3194004427660211,3.5320552884595746,-0.04651674982530506,0.6635921153336677,-0.0027373382346822348
2.1500000000000004,0.03788388466633691,0.0027133382346859335,0.7179760000000064,-2.3999999996301286e-05,-0.569301289082969,0.3247051251472619,3.5760256569209234,-0.04658974551156325,0.6800921153336694,-0.0027373382346822348
2.2,0.03190896356154002,0.0020437884279903857,0.7344760000000069,-2.3999999996301286e-05,0.439795156523074,1.482986688338137,4.172766127260252,0.366244160925945,0.7025670364384669,-0.002067788427986687
2.25,0.0306400387055675,0.001904294309896137,0.7509760000000061,-2.3999999996301286e-05,-0.3420451651578874,0.6070873650548682,3.7965301208510223,0.05048422855180586,0.7203359612944386,-0.0019282943098924382
2.3,0.04349215748780791,0.003368023704043742,0.7674760000000045,-2.3999999996301286e-05,-2.7740380134639486,-2.1396250555073917,2.537651831826227,-0.9359358226612077,0.7239838425121966,-0.0033920237040400434
2.3499999999999996,0.0465966176077858,0.0038508540736607827,0.7839760000000027,-2.3999999996301286e-05,-1.3647330741383636,-0.5018882044735014,3.4513794786594496,-0.3555469102117838,0.7373793823922169,-0.003874854073657084
2.3999999999999995,0.0465966176077858,0.0038508540736607827,0.8004760000000012,-2.3999999996301286e-05,-0.6450048478176329,0.2987567539291338,3.775046406987067,-0.06595201788352363,0.7538793823922154,-0.003874854073657084
2.4499999999999993,0.0465966176077858,0.0038508540736607827,0.8169760000000005,-2.3999999996301286e-05,-0.6508175272939963,0.3040269538351854,3.819377924516727,-0.0660553473254878,0.7703793823922147,-0.003874854073657084
2.499999999999999,0.0359451881791408,0.002436598847014465,0.8334760000000013,-2.3999999996301286e-05,1.5096237107458008,2.7218925282242608,4.849075269913839,0.8060030931371546,0.7975308118208605,-0.0024605988470107663
2.549999999999999,0.037274719706953674,0.002562632547826653,0.8499760000000031,-2.3999999996301286e-05,-0.7923876999677926,0.16060374006579886,3.811965760134366,-0.12033980188609404,0.8127012802930493,-0.0025866325478229543
2.5999999999999988,0.037274719706953674,0.002562632547826653,0.8664760000000046,-2.3999999996301286e-05,-0.6145937657949814,0.37945383489468476,3.9761904027586645,-0.04478855826672317,0.8292012802930508,-0.0025866325478229543
2.6499999999999986,0.037274719706953674,0.002562632547826653,0.8829760000000046,-2.3999999996301286e-05,-0.6203539307134561,0.38485187125646425,4.0208232078796815,-0.04485753513466511,0.845701280293051,-0.0025866325478229543
2.6999999999999984,0.04020998273807816,0.0028649881266385197,0.8994760000000033,-2.3999999996301286e-05,-1.0816411572952631,-0.13314154690287605,3.7939984415695482,-0.23138718175202652,0.8592660172619251,-0.002888988126634821
2.7499999999999982,0.04020998273807816,0.0028649881266385197,0.915976000000002,-2.3999999996301286e-05,-0.6442491919442224,0.38148210266573446,4.102925178439827,-0.050050874148283415,0.8757660172619238,-0.002888988126634821
2.799999999999998,0.04331082789373032,0.0032168735281081994,0.932476000000002,-2.3999999996301286e-05,-1.1838378571940775,-0.21861194163643333,3.860903662230577,-0.2671332950153354,0.8891651721062717,-0.0032408735281045007
2.849999999999998,0.04936612589970288,0.0040104812800472595,0.9489760000000034,-2.3999999996301286e-05,-1.885029491764386,-0.9788512167185468,3.624713100183356,-0.5455010873300824,0.8996098741003005,-0.004034481280043561
2.8999999999999977,0.050156535081523804,0.004123545623828894,0.9654760000000052,-2.3999999996301286e-05,-0.8830074232854062,0.15236466403013504,4.141488349262165,-0.1391700493819564,0.9153194649184814,-0.004147545623825195
2.9499999999999975,0.050156535081523804,0.004123545623828894,0.981976000000006,-2.3999999996301286e-05,-0.7197356730509282,0.3446649403204708,4.257602453485596,-0.07144204432961095,0.9318194649184821,-0.004147545623825195
2.9999999999999973,0.050156535081523804,0.004123545623828894,0.9984760000000054,-2.3999999996301286e-05,-0.725656410977037,0.350005021859244,4.302645731345124,-0.0715526455462463,0.9483194649184815,-0.004147545623825195
3.049999999999997,0.038799526507574275,0.0029358229028788175,1.0149760000000039,-2.3999999996301286e-05,1.0598028060846714,2.409383738667006,5.398323730329337,0.6607974370955576,0.9761764734924296,-0.002959822902875119
3.099999999999997,0.038799526507574275,0.0029358229028788175,1.031476000000002,-2.3999999996301286e-05,-0.688953908794709,0.4163995073472426,4.421413664567806,-0.05191512408523168,0.9926764734924278,-0.002959822902875119
3.149999999999997,0.047199410255329755,0.0036250635725628166,1.0479760000000005,-2.3999999996301286e-05,-1.7134506597572146,-0.791031278692357,3.68967752425943,-0.4770441787522994,1.0007765897446708,-0.003649063572559118
3.1999999999999966,0.05078953301498218,0.004022197686272125,1.0644759999999995,-2.3999999996301286e-05,-1.329691676397168,-0.28997031335777,4.158885452157592,-0.3085070456676072,1.0136864669850174,-0.004046197686268426
3.2499999999999964,0.05078953301498218,0.004022197686272125,1.080976,-2.3999999996301286e-05,-0.7505489054226472,0.381292906175953,4.527367246394401,-0.07033447604698936,1.0301864669850178,-0.004046197686268426
3.2999999999999963,0.056480514950028704,0.00476451247955732,1.0974760000000017,-2.3999999996301286e-05,-1.8923809420451922,-0.8807895922094598,4.046365399342929,-0.528222958905648,1.040995485049973,-0.004788512479553622
3.349999999999996,0.05755645108014526,0.004917461122423315,1.1139760000000032,-2.3999999996301286e-05,-1.0284341555781664,0.09769218433608318,4.504505359656998,-0.17728418499849205,1.056419548919858,-0.004941461122419616
3.399999999999996,0.048692987431951246,0.003894814782268047,1.1304760000000036,-2.3999999996301286e-05,0.7473091816250376,2.114005964343926,5.466787130875555,0.5450124087559931,1.0817830125680523,-0.003918814782264348
3.4499999999999957,0.04516442410839014,0.003621905637964102,1.1469760000000027,-2.3999999996301286e-05,-0.36863454334657786,0.8916466457211549,5.041124756270931,0.09962135283325278,1.1018115758916125,-0.0036459056379604033
3.4999999999999956,0.04516442410839014,0.003621905637964102,1.163476000000001,-2.3999999996301286e-05,-0.7647407274178251,0.42757859844566065,4.769277303453943,-0.06422135789945987,1.118311575891611,-0.0036459056379604033
3.5499999999999954,0.0422910711846029,0.00342844753142563,1.1799760000000008,-2.3999999996301286e-05,-0.4907703244315892,0.7794454727233294,5.0808631886196745,0.05498574253176005,1.1376849288153978,-0.003452447531421931
3.599999999999995,0.0422910711846029,0.00342844753142563,1.196476000000002,-2.3999999996301286e-05,-0.7691166356287046,0.4479154056698583,4.868128165194252,-0.061181186658827845,1.1541849288153991,-0.003452447531421931
3.649999999999995,0.0422910711846029,0.00342844753142563,1.2129760000000038,-2.3999999996301286e-05,-0.7750998994203171,0.4534153268070718,4.914060904909555,-0.06127325192633242,1.1706849288154009,-0.003452447531421931
3.699999999999995,0.0505021732887755,0.003905144619316747,1.229476000000005,-2.3999999996301286e-05,-1.4578332194012629,-0.4077082555061762,4.200499855580347,-0.35534123331570266,1.1789738267112293,-0.003929144619313048
3.7499999999999947,0.0505021732887755,0.003905144619316747,1.2459760000000044,-2.3999999996301286e-05,-0.8054392316813832,0.4409435033842577,4.985530940262564,-0.06942775777088106,1.1954738267112288,-0.003929144619313048
3.7999999999999945,0.06343415520816999,0.0052527867434336165,1.262476000000003,-2.3999999996301286e-05,-2.843534025146992,-1.8846918301225808,3.835368780097644,-0.9006144486227757,1.199041844791833,-0.005276786743429918
3.8499999999999943,0.06343415520816999,0.0052527867434336165,1.2789760000000014,-2.3999999996301286e-05,-0.8726158722505419,0.3887239578050299,5.045359320222287,-0.09216988846581183,1.2155418447918314,-0.005276786743429918
3.899999999999994,0.06343415520816999,0.0052527867434336165,1.2954759999999996,-2.3999999996301286e-05,-0.878757518244976,0.39412685365538375,5.091537487601439,-0.09231060277896995,1.2320418447918295,-0.005276786743429918
3.949999999999994,0.06343415520816999,0.0052527867434336165,1.3119759999999987,-2.3999999996301286e-05,-0.8849074142394241,0.39953799950575164,5.137781654980703,-0.09245131709212809,1.2485418447918286,-0.005276786743429918
3.999999999999994,0.06343415520816999,0.0052527867434336165,1.328475999999999,-2.3999999996301286e-05,-0.8910655602338791,0.4049573953561263,5.184091822360021,-0.09259203140528623,1.265041844791829,-0.005276786743429918
4.049999999999994,0.06343415520816999,0.0052527867434336165,1.3449760000000006,-2.3999999996301286e-05,-0.89723195622833,0.4103850412064971,5.230467989739308,-0.09273274571844435,1.2815418447918305,-0.005276786743429918
4.099999999999993,0.06343415520816999,0.0052527867434336165,1.3614760000000024,-2.399999999630129e-05,-0.9034066022227678,0.4158209370568548,5.276910157118491,-0.09287346003160249,1.2980418447918323,-0.005276786743429918
4.149999999999993,0.06343415520816999,0.0052527867434336165,1.377976000000003,-2.3999999996301286e-05,-0.9095894982171875,0.4212650829071942,5.323418324497527,-0.09301417434476061,1.314541844791833,-0.005276786743429918
4.199999999999993,0.0581238933960867,0.004672862296401366,1.394476000000002,-2.399999999630128e-05,-0.03838990819997379,1.4269133294353962,5.861212950541479,0.26448065166388995,1.3363521066039152,-0.004696862296397667
4.249999999999993,0.08091673837707541,0.007838834021910195,1.4109760000000005,-2.399999999630128e-05,-5.759776605476906,-4.929396239537164,3.321521463758966,-2.036032922859823,1.330059261622925,-0.007862834021906497
4.299999999999993,0.08091673837707541,0.007838834021910195,1.427476,-2.399999999630129e-05,-1.0361705718489824,0.31870786542465906,5.419513749094566,-0.13665956312844255,1.3465592616229245,-0.007862834021906497
4.3499999999999925,0.08091673837707541,0.007838834021910195,1.443976000000001,-2.399999999630131e-05,-1.0425587498613484,0.3239952466739581,5.4662159861412265,-0.13686923870236006,1.3630592616229256,-0.007862834021906497
4.399999999999992,0.08091673837707541,0.007838834021910195,1.4604760000000028,-2.3999999996301313e-05,-1.0489551778737014,0.32929087792324424,5.512984223187782,-0.13707891427627755,1.3795592616229273,-0.007862834021906497
4.449999999999992,0.08091673837707541,0.007838834021910195,1.4769760000000038,-2.399999999630128e-05,-1.0553598558860364,0.3345947591725123,5.559818460234195,-0.13728858985019507,1.3960592616229284,-0.007862834021906497
4.499999999999992,0.08091673837707541,0.007838834021910195,1.4934760000000036,-2.3999999996301204e-05,-1.061772783898363,0.3399068904217718,5.606718697280539,-0.1374982654241126,1.412559261622928,-0.007862834021906497
4.549999999999992,0.08091673837707541,0.007838834021910195,1.5099760000000024,-2.399999999630118e-05,-1.0681939619106955,0.3452272716710377,5.653684934326933,-0.13770794099803008,1.429059261622927,-0.007862834021906497
4.599999999999992,0.08091673837707541,0.007838834021910195,1.5264760000000006,-2.3999999996301306e-05,-1.074623389923032,0.3505559029203069,5.7007171713733555,-0.13791761657194762,1.4455592616229251,-0.007862834021906497
4.6499999999999915,0.08091673837707541,0.007838834021910195,1.542975999999999,-2.399999999630158e-05,-1.0810610679353796,0.3558927841695877,5.747815408419869,-0.1381272921458651,1.4620592616229235,-0.007862834021906497
4.699999999999991,0.08091673837707541,0.007838834021910195,1.5594759999999979,-2.3999999996301685e-05,-1.0875069959477313,0.3612379154188726,5.794979645466415,-0.13833696771978257,1.4785592616229224,-0.007862834021906497
4.749999999999991,0.08091673837707541,0.007838834021910195,1.5759759999999978,-2.3999999996301235e-05,-1.0939611739600918,0.3665912966681669,5.8422098825130355,-0.1385466432937,1.4950592616229224,-0.007862834021906497
4.799999999999991,0.08091673837707541,0.007838834021910195,1.5924759999999993,-2.3999999996300208e-05,-1.1004236019724547,0.37195292791746837,5.889506119559692,-0.1387563188676164,1.5115592616229239,-0.007862834021906495
4.849999999999991,0.08091673837707541,0.007838834021910195,1.608976000000001,-2.399999999629978e-05,-1.1068942799848052,0.3773228091667456,5.936868356606203,-0.13896599444153515,1.5280592616229256,-0.007862834021906495
4.899999999999991,0.08091673837707541,0.007838834021910195,1.625476000000002,-2.3999999996301377e-05,-1.1133732079971401,0.3827009404160062,5.984296593652585,-0.13917567001545408,1.5445592616229264,-0.007862834021906497
4.94999999999999,0.08763735015711807,0.009196324211406646,1.6419760000000012,-2.3999999996305192e-05,-3.2396822205574782,-1.887155380908018,5.41010735859784,-0.9765404955172374,1.554338649842883,-0.009220324211402951
4.99999999999999,-0.026588023327761473,0.018444381692816904,1.6584759999999998,-2.3999999996306934e-05,-6.0,-6.0,16.6287997222463,-5.865507652200835,1.6850640233277614,-0.018468381692813212
5.04999999999999,-0.01801116620047097,0.014688006452358963,1.674975999999999,-2.3999999996301286e-05,4.547938179608914,5.948732872858318,5.603178772997615,1.999365914755663,1.6929871662004699,-0.014712006452355264
5.09999999999999,-0.01801116620047097,0.014688006452358963,1.691476,-2.3999999996287127e-05,-1.4718833008291425,0.13391266495055365,6.423183863118784,-0.25485154969115975,1.709487166200471,-0.01471200645235525
5.14999999999999,-0.01801116620047097,0.014688006452358963,1.7079760000000017,-2.3999999996280103e-05,-1.4789323848639326,0.13890206808198124,6.4713378117836555,-0.25524386986322883,1.7259871662004727,-0.014712006452355243
5.1999999999999895,-0.01801116620047097,0.014688006452358963,1.7244760000000032,-2.399999999630005e-05,-1.4859897188987479,0.14389972121335748,6.519557760448421,-0.25563619003531246,1.7424871662004742,-0.014712006452355262
5.249999999999989,0.10128532567122954,0.003831864685879777,1.7409760000000032,-2.399999999635254e-05,6.0,6.0,-4.467558974986732,6.438881742901873,1.6396906743287736,-0.0038558646858761294
5.299999999999989,0.10128532567122954,0.003831864685879777,1.757476000000002,-2.399999999638065e-05,-0.9862536246356932,0.5929963894051844,6.3170000561635105,-0.07490614004390644,1.6561906743287724,-0.0038558646858761576
5.349999999999989,0.10128532567122954,0.003831864685879777,1.7739760000000002,-2.3999999996310345e-05,-0.992516130500654,0.5987190742145336,6.364940818860751,-0.07500896310211817,1.6726906743287706,-0.0038558646858760873
5.399999999999989,0.10128532567122954,0.003831864685879777,1.7904759999999982,-2.3999999996115992e-05,-0.9987868863656039,0.604450009023907,6.4129475815580435,-0.07511178616032321,1.6891906743287686,-0.003855864685875893
5.449999999999989,0.10128532567122954,0.003831864685879777,1.8069759999999968,-2.3999999996004272e-05,-1.0050658922309914,0.6101891938328675,6.461020344255435,-0.07521460921869025,1.7056906743287672,-0.003855864685875781
5.4999999999999885,0.14961740379519634,0.02155957017136464,1.8234759999999968,-2.3999999996251466e-05,-6.0,-6.0,2.038248552173495,-11.007875220472547,1.6738585962048005,-0.021583570171360894
5.549999999999988,0.16094635087077205,0.027862146749085995,1.8399759999999987,-2.399999999697016e-05,-6.0,-6.0,5.38817409743647,-4.258584449356762,1.6790296491292267,-0.027886146749082966
5.599999999999988,0.16094635087077205,0.027862146749085995,1.856476000000001,-2.3999999997411603e-05,-2.0611545315264626,-0.44720166831775954,6.455811452834812,-0.4777821333036613,1.6955296491292289,-0.027886146749083407
5.649999999999988,0.16094635087077205,0.027862146749085995,1.8729760000000013,-2.3999999996544797e-05,-2.069118826620699,-0.4431414337629218,6.503909571431109,-0.47852576388259443,1.7120296491292293,-0.02788614674908254
5.699999999999988,0.07616818915931393,0.0017172809480870462,1.8894759999999982,-2.3999999993890494e-05,6.0,6.0,14.39439276098396,15.64409504590939,1.8133078108406842,-0.0017412809480809367
5.749999999999988,0.06373456782953749,0.0012554494216804827,1.905975999999995,-2.3999999992155124e-05,-0.3602998123631832,1.6304719740582634,7.963087145685786,0.24193755460858668,1.8422414321704574,-0.0012794494216726378
5.799999999999987,0.06373456782953749,0.0012554494216804827,1.9224759999999972,-2.3999999995185604e-05,-0.9539814086791989,0.7692051392546086,6.89274619173523,-0.03519547989039816,1.8587414321704596,-0.0012794494216756683
5.849999999999987,0.06373456782953749,0.0012554494216804827,1.9389760000000076,-2.4000000004976302e-05,-0.9601648408673809,0.7752094484988157,6.941497157464786,-0.03522959854639338,1.87524143217047,-0.001279449421685459
5.899999999999987,0.06373456782953749,0.0012554494216804827,1.955476000000016,-2.4000000011767565e-05,-0.9663565230349546,0.7812220077633244,6.990314123193116,-0.03526371719459622,1.8917414321704784,-0.0012794494216922503
5.949999999999987,0.08393814864581768,0.0020955037892606697,1.9719760000000068,-2.4000000001207663e-05,-2.0988392615214284,-0.8062679992488,5.170285049090513,-0.5533537639562339,1.8880378513541891,-0.0021195037892618772
5.999999999999987,0.10834563140929898,0.0056701431529803175,1.9884759999999713,-2.399999996513831e-05,-6.0,-5.3188533503901425,4.779685688405255,-2.2538339281679236,1.8801303685906723,-0.005694143152945456
6.0499999999999865,0.08938659972296137,0.0028698275234380006,2.004975999999944,-2.399999993866744e-05,3.149178553072546,5.343924034499374,8.778981925707313,1.6177338262041754,1.9155894002769829,-0.002893827523376668
6.099999999999986,0.041945417584446365,0.004034094114550456,2.021475999999979,-2.3999999975327716e-05,-3.487654751837839,-0.610118115816171,11.510146544086671,-0.7805281652674305,1.9795305824155327,-0.004058094114525784
6.149999999999986,0.03387206640336815,0.0054012773425979035,2.03797600000011,-2.400000010804482e-05,-3.4332356167723015,-1.4241127288686217,8.036491551614718,-0.9252092086935092,2.004103933596742,-0.005425277342705949
6.199999999999986,-0.03625395816802596,0.03376779254902573,2.054476000000211,-2.400000021085235e-05,-6.0,-6.0,13.84616013799931,-17.59848476359668,2.0907299581682373,-0.03379179254923659
6.249999999999986,-0.043131941994275974,0.03853912653135829,2.070976000000084,-2.4000000084113056e-05,-6.0,-6.0,8.220737862242494,-3.5219266120354487,2.11410794199436,-0.03856312653144241
6.299999999999986,-0.05329702253498386,0.04655656140600877,2.0874759999995973,-2.399999959638157e-05,-6.0,-6.0,8.591802359946902,-5.604453210048737,2.140773022534581,-0.04658056140560515
6.349999999999985,-0.06268702762483022,0.055166767687458804,2.103975999999201,-2.399999919839295e-05,-6.0,-6.0,8.595437234220858,-6.105091246066265,2.1666630276240313,-0.0551907676866572
6.399999999999985,-0.07215921032825964,0.06529584687866859,2.120475999999638,-2.3999999634461645e-05,-6.0,-6.0,8.67653421714344,-7.186974841694376,2.192635210327898,-0.06531984687830304
6.449999999999985,-0.07635658523181901,0.07035814091262252,2.136976000001428,-2.4000001424656194e-05,-6.0,-6.0,8.262398282901538,-4.233152172642743,2.213332585233247,-0.07038214091404718
6.499999999999985,-0.07635658523181901,0.07035814091262252,2.153476000002963,-2.4000002960801015e-05,-4.135688582652356,-2.151987614684775,7.934803871870322,-1.1976526090165964,2.229832585234782,-0.07038214091558331
6.549999999999985,-0.10140251921774543,0.11222372515420323,2.1699760000014696,-2.4000001468632088e-05,-6.0,-6.0,10.301888279280703,-27.01775616156415,2.271378519219215,-0.11224772515567186
6.5999999999999845,-0.10290145345696086,0.11578009516472713,2.186475999994907,-2.3999994905907884e-05,-6.0,-6.0,8.236813146935862,-4.094588561957297,2.289377453451868,-0.11580409515963304
6.649999999999984,-0.10290145345696086,0.11578009516472713,2.2029759999889955,-2.3999988992781725e-05,-6.0,-4.136070676091119,8.152382575379825,-1.9638546659099418,2.3058774534459565,-0.11580409515371992
6.699999999999984,-0.10290145345696086,0.11578009516472713,2.2194759999940707,-2.399999406637724e-05,-6.0,-4.137859547050949,8.202922086518834,-1.9669427839488773,2.3223774534510317,-0.11580409515879352
6.749999999999984,-0.07713956921841705,0.30823617267829123,2.2359760000181,-2.4000018095080797e-05,-6.0,-6.0,5.870450258809385,-120.65641086911216,2.3131155692365173,-0.30826017269638634
6.799999999999984,-0.054937710341670526,0.33263077237210986,2.2524760000408044,-2.400004079988275e-05,-6.0,-6.0,6.185827548549812,-20.23497162962043,2.307413710382475,-0.33265477241290975
6.849999999999984,-0.054937710341670526,0.33263077237210986,2.2689760000236805,-2.4000023677647002e-05,-6.0,-6.0,8.234540497486497,-5.607082575180819,2.323913710365351,-0.3326547723957875
6.8999999999999835,0.050172888539910546,0.38279581773547444,2.28547599993581,-2.399993580870187e-05,-6.0,-6.0,-1.4379986944181247,-36.55240235903374,2.2353031113958997,-0.38281981767128315
6.949999999999983,0.08786210653684422,0.3845427887781076,2.3019759998488296,-2.3999848829968677e-05,-6.0,-6.0,4.585808997080367,-7.540929073664371,2.2141138933119855,-0.38456678862693755
6.999999999999983,0.10668973023750455,0.38267870185956104,2.3184759999060978,-2.399990609899958e-05,-6.0,-6.0,6.2863805870308065,-5.353431703419351,2.2117862696685933,-0.38270270176566007
7.049999999999983,0.10668973023750455,0.38267870185956104,2.3349760002270172,-2.400022701757915e-05,-6.0,-6.0,8.031029894413663,-6.482089454891373,2.2282862699895127,-0.38270270208657864
7.099999999999983,0.2443748400620359,0.2920604286823486,2.3514760005595035,-2.400055950225007e-05,6.0,6.0,-4.6551643628754,49.39139010735625,2.1071011604974674,-0.29208442924185085
7.149999999999983,0.25751712233796403,0.2668783058027918,2.367976000370029,-2.4000370026027214e-05,6.0,6.0,6.570526183026723,10.542285003887432,2.1104588780320648,-0.26690230617281785
7.199999999999982,0.25751712233796403,0.2668783058027918,2.3844759991994438,-2.399919944077545e-05,-6.0,-6.0,7.803089313965482,-4.574105389299828,2.1269588768614796,-0.2669023050022326
7.249999999999982,0.25751712233796403,0.2668783058027918,2.4009759979310528,-2.399793105123034e-05,-6.0,-6.0,7.852913155059377,-4.581222821343858,2.1434588755930886,-0.26690230373384305
7.299999999999982,0.25751712233796403,0.2668783058027918,2.4174759985495187,-2.399854951866162e-05,-6.0,-6.0,7.902803219836771,-4.5883417446102275,2.1599588762115545,-0.2669023043523105
7.349999999999982,0.25751712233796403,0.2668783058027918,2.4339760028138726,-2.4002813872327105e-05,-6.0,-6.0,7.952759464003016,-4.595461863800937,2.1764588804759084,-0.26690230861666414
7.399999999999982,0.25751712233796403,0.2668783058027918,2.4504760076434353,-2.400764343364208e-05,-6.0,-6.0,8.002781301495986,-4.6025792718370155,2.192958885305471,-0.26690231344622545
7.4499999999999815,0.25751712233796403,0.2668783058027918,2.4669760056592835,-2.4005659280158726e-05,-6.0,-6.0,8.052868307276954,-4.609691135127083,2.2094588833213193,-0.266902311462072
7.499999999999981,0.25751712233796403,0.2668783058027918,2.483475990144795,-2.3990144790745036e-05,-6.0,-6.0,8.103020618647893,-4.616798369017791,2.2259588678068307,-0.2669022959475826
7.549999999999981,0.25751712233796403,0.2668783058027918,2.499975971788645,-2.3971788641620817e-05,-6.0,-6.0,8.153240362999227,-4.623915156111432,2.242458849450681,-0.2669022775914334
7.599999999999981,0.25751712233796403,0.2668783058027918,2.516475978010227,-2.3978010224694216e-05,-6.0,-6.0,8.20352919848754,-4.63105255078456,2.2589588556722626,-0.2669022838130165
7.649999999999981,0.25751712233796403,0.2668783058027918,2.532976034380073,-2.403438007253304e-05,-6.0,-6.0,8.253886710300808,-4.638207787623546,2.275458912042109,-0.26690234018286435
7.699999999999981,0.25751712233796403,0.2668783058027918,2.5494761040288356,-2.4104028836709328e-05,-6.0,-6.0,8.304305193055747,-4.645329497406959,2.2919589816908714,-0.26690240983162855
7.7499999999999805,0.2506732585065715,0.09641924924550328,2.5659760851297126,-2.4085129714757196e-05,6.0,6.0,8.987862972689326,100.46858913118302,2.315302826623141,-0.09644333437521804
7.79999999999998,-0.03370192284561388,0.028365875673195314,2.582475880593029,-2.3880593030489924e-05,6.0,6.0,34.728313103965334,40.15878590749763,2.6161778034386427,-0.028389756266225804
7.84999999999998,-0.020465405556930577,0.019935740990843023,2.5989756167550997,-2.3616755099474693e-05,6.0,6.0,7.96189315929831,4.524836154400237,2.61944102231203,-0.019959357745942496
7.89999999999998,-0.020465405556930577,0.019935740990843023,2.6154756715239413,-2.3671523939339963e-05,-2.552475147003987,-0.2512220028690104,9.205012576539907,-0.5340375523567614,2.6359410770808718,-0.019959412514782362
7.94999999999998,0.11609426390777174,-0.0025180000576222484,2.6319764126622562,-2.441266225436402e-05,6.0,6.0,-3.375364915136821,13.311979888438051,2.5158821487544847,0.0024935873953678845
7.99999999999998,0.13631078125588955,0.002721575376495824,2.64847741055214,-2.5410552139294062e-05,-6.0,-6.0,7.096293459439344,-3.3915249175509476,2.5121666292962503,-0.002746985928635118
8.04999999999998,0.13631078125588955,0.002721575376495824,2.664977263641664,-2.5263641664709073e-05,-1.7690236037764888,0.47272734292494634,8.96700378680574,-0.2469135734955319,2.5286664823857743,-0.002746839018160533
8.09999999999998,0.13631078125588955,0.002721575376495824,2.6814745818896837,-2.2581889684405374e-05,-1.770518738557812,0.4840171657297223,9.018143617150137,-0.24504791863392186,2.545163800633794,-0.0027441572661802294
8.14999999999998,0.14336005127935889,0.0052463128977597836,2.6979708133315596,-1.8813331558608986e-05,-5.781329699670118,-3.6769609522253317,8.417474989779146,-1.8015791717896095,2.5546107620522007,-0.005265126229318393
8.199999999999982,0.14336005127935889,0.0052463128977597836,2.714471152059793,-1.9152059789913853e-05,-1.8999213572829923,0.3760663651274039,9.103950889641585,-0.2902580937439216,2.571111100780434,-0.005265464957549698
8.249999999999982,0.14336005127935889,0.0052463128977597836,2.7309808418789356,-2.8841878931454287e-05,-1.9257294717692552,0.36342771601692014,9.156628751144702,-0.2975812868099686,2.5876207905995767,-0.005275154776691238
8.299999999999983,0.1320858358450058,0.0017044664914563244,2.747495053287498,-4.3053287494103904e-05,3.6644922885515654,6.0,10.251556958978806,1.884166441304349,2.6154092174424926,-0.0017475197789504284
8.349999999999984,0.07594124774775712,-0.0052171258617679205,2.7639945525053933,-4.255250539029865e-05,6.0,6.0,14.480431173642016,4.03966526036272,2.688053304757636,0.005174573356377622
8.399999999999984,0.08533595793508399,-0.005259570301405615,2.7804595921601725,-7.5921601710291815e-06,-1.2343583010854184,0.9172546358304932,8.606451747663646,-0.06040069814379529,2.6951236342250886,0.005251978141234586
8.449999999999985,0.15903910019206008,0.011176931293458458,2.796906075717422,4.592428257820986e-05,-6.0,-6.0,2.684725600014402,-10.211934348009597,2.637866975525362,-0.011131007010880248
8.499999999999986,0.15903910019206008,0.011176931293458458,2.813405165441681,4.683455831839192e-05,-2.206181482893979,0.13792337390128773,9.376419427181066,-0.39395392552241737,2.6543660652496213,-0.011130096735140066
8.549999999999986,0.15903910019206008,0.011176931293458458,2.830031110992738,-7.911099273763534e-05,-2.4731056909151192,-0.11233444084580935,9.44308500027724,-0.4924647870020816,2.670992010800678,-0.011256042286196094
8.599999999999987,0.15903910019206008,0.011176931293458458,2.846732363606382,-0.0002803636063800314,-2.5924871494632917,-0.21712592809829667,9.50144488545998,-0.5351643957260168,2.6876932634143222,-0.01145729489983849
8.649999999999988,0.15903910019206008,0.011176931293458458,2.863245872825453,-0.00029387282544886766,-2.1864708263292654,0.19604429850611393,9.530060499341518,-0.3791288624425051,2.704206772633393,-0.011470804118907326
8.699999999999989,0.15903910019206008,0.011176931293458458,2.879292850128097,0.000159149871907541,-1.2353509971484362,1.1466024495112404,9.527813786638706,-0.016904485264227755,2.7202537499360373,-0.011017781421550916
8.74999999999999,0.15903910019206008,0.011176931293458458,2.895037039014813,0.0009149609851907931,-0.7783219720011187,1.6100945596606224,9.553666126646965,0.15843287383990545,2.735997938822753,-0.010261970308267665
8.79999999999999,0.15903910019206008,0.011176931293458458,2.9114498542909284,0.001002145709074064,-2.264385860280952,0.15807174097051058,9.68983040500585,-0.401202689392465,2.7524107540988685,-0.010174785584384394
8.84999999999999,0.15903910019206008,0.011176931293458458,2.9295767843870375,-0.0006247843870348691,-5.805402474077081,-3.3197391546469626,9.94265327772047,-1.7381222149950557,2.7705376841949776,-0.011801715680493327
8.899999999999991,0.15903910019206008,0.011176931293458458,2.9489115243835387,-0.0034595243835342,-6.0,-5.186124864948621,10.102798729697495,-2.456752269013641,2.7898724241914787,-0.014636455676992658
8.949999999999992,0.15903910019206008,0.011176931293458458,2.965870497221758,-0.003918497221751681,-2.4381357327418822,0.025771151145828508,9.855627535550843,-0.45949801554210545,2.8068313970296983,-0.01509542851521014
8.999999999999993,0.1809276704286543,0.022524877297402077,2.976520101130819,0.0019318988691883103,-6.0,-5.650476846779687,7.138549106498242,-2.492493518130273,2.7955924307021647,-0.020592978428213768
9.049999999999994,0.2096021931637268,0.042599764592268954,2.979219078185328,0.01573292181467896,-6.0,-5.021299360492236,5.625979069637856,-2.1807797120750356,2.7696168850216014,-0.026866842777589994
9.099999999999994,0.1844005396086569,0.026164418951901552,2.9772702584864725,0.034181741513533065,6.0,6.0,10.07234241975571,23.452283796726707,2.7928697188778155,0.008017322561631512
9.149999999999995,0.1844005396086569,0.026164418951901552,2.974614786073408,0.053337213926597286,6.0,6.0,7.768891728554116,14.176552541914402,2.790214246464751,0.027172794974695734
9.199999999999996,0.06804114034766343,0.004696360435070433,2.973837352175441,0.07061464782456599,6.0,6.0,18.746961218781564,26.337267290037158,2.9057962118277776,0.06591828738949555
9.249999999999996,0.06804114034766343,0.004696360435070433,2.974337333432837,0.0866146665671722,6.0,6.0,8.417432401280815,12.859003793326949,2.906296193085174,0.08191830613210177
9.299999999999997,0.06804114034766343,0.004696360435070433,2.9750581381652332,0.10239386183477739,6.0,6.0,8.444871609562938,13.03120145809099,2.90701699781757,0.09769750139970695
9.349999999999998,0.06804114034766343,0.004696360435070433,2.9752812473254995,0.11867075267451038,6.0,6.0,8.402415172580225,13.669810091286774,2.907240106977836,0.11397439223943995
9.399999999999999,0.2395674419431151,0.0692014856722193,2.975153487680253,0.13529851231975598,-6.0,-6.0,-7.488907155826323,-25.59104271750991,2.7355860457371377,0.06609702664753668
9.45,0.2395674419431151,0.0692014856722193,2.97495807187607,0.15199392812393842,6.0,6.0,7.954253379430662,13.423561362268162,2.735390629932955,0.08279244245171911
9.5,0.2395674419431151,0.0692014856722193,2.9748942508768303,0.16855774912317917,6.0,6.0,7.979564125088622,13.605414606479801,2.7353268089337153,0.09935626345095987
9.55,0.2395674419431151,0.0692014856722193,2.974926748710351,0.18502525128966074,6.0,6.0,8.00042279668288,13.817388344449046,2.735359306767236,0.11582376561744144
9.600000000000001,0.2395674419431151,0.0692014856722193,2.9749796692433983,0.20147233075661516,6.0,6.0,8.012991873278168,14.085066049076918,2.735412227300283,0.13227084508439585
9.650000000000002,0.2673455099362748,0.1102672788987639,2.9749978884571835,0.21795411154283037,-6.0,-6.0,5.450541755106605,-10.9355718696335,2.707652378520909,0.10768683264406646
9.700000000000003,0.2673455099362748,0.1102672788987639,2.974989671018586,0.23446232898142655,6.0,6.0,7.958673010348327,14.00038553954074,2.707644161082311,0.12419505008266264
9.750000000000004,0.2842647102980313,0.23500793664140693,2.9749753294327648,0.2509766705672463,-6.0,-6.0,6.403902520331747,-62.64421224198027,2.6907106191347334,0.01596873392583939
9.800000000000004,0.2842647102980313,0.23500793664140693,2.974970077870833,0.26748192212917676,6.0,6.0,7.938397594433947,12.46935357605974,2.6907053675728014,0.032473985487769835
9.850000000000005,0.2842647102980313,0.23500793664140693,2.974972115827021,0.28397988417298764,6.0,6.0,7.949913909473542,12.740636258544534,2.6907074055289897,0.04897194753158071
9.900000000000006,0.24800380752036852,0.3154912566055878,2.974976097684458,0.3004759023155506,-6.0,-6.0,11.315125691192957,-36.61728069964701,2.7269722901640896,-0.015015354290037197
9.950000000000006,0.1720472025047284,0.37523865775162196,2.9749778470051815,0.3169741529948284,-6.0,-6.0,15.088592116259358,-24.89640640486131,2.802930644500453,-0.05826450475679357
10.000000000000007,0.18707347557309412,0.3677923835418486,2.974977458067256,0.3334745419327556,6.0,6.0,6.873493532455001,15.81949149969655,2.787903982494162,-0.034317841609093014
